{
	["Armature"] = {
		inverseBindPose = { 1.000000, -0.000000, 0.000000, -0.000000, -0.000000, 1.000000, -0.000000, 0.000000, 0.000000, -0.000000, 1.000000, -0.000000, -0.000000, 0.000000, -0.000000, 1.000000, },
	},
	["root"] = {
		parent = "Armature",
		inverseBindPose = { 1.000000, -0.000000, 0.000000, -0.000000, -0.000000, 0.000000, 1.000000, 1.000000, 0.000000, -1.000000, 0.000000, -0.000000, -0.000000, 0.000000, -0.000000, 1.000000, },
	},
	["spine3"] = {
		parent = "root",
		inverseBindPose = { 1.000000, -0.000000, 0.000000, -0.000000, -0.000000, 1.000000, -0.000000, 0.000000, 0.000000, -0.000000, 1.000000, -0.000000, -0.000000, 0.000000, -0.000000, 1.000000, },
	},
	["spine4"] = {
		parent = "spine3",
		inverseBindPose = { 1.000000, -0.000000, 0.000000, -0.000000, -0.000000, 1.000000, -0.000000, -3.000000, 0.000000, -0.000000, 1.000000, -0.000000, -0.000000, 0.000000, -0.000000, 1.000000, },
	},
	["tail1"] = {
		parent = "spine4",
		inverseBindPose = { 1.000000, -0.000000, 0.000000, -0.000000, -0.000000, 1.000000, -0.000000, -6.000000, 0.000000, -0.000000, 1.000000, -0.000000, -0.000000, 0.000000, -0.000000, 1.000000, },
	},
	["tail2"] = {
		parent = "tail1",
		inverseBindPose = { 1.000000, -0.000000, 0.000000, -0.000000, -0.000000, 1.000000, -0.000000, -7.650000, 0.000000, -0.000000, 1.000000, -0.000000, -0.000000, 0.000000, -0.000000, 1.000000, },
	},
	["spine2"] = {
		parent = "root",
		inverseBindPose = { 1.000000, -0.000000, -0.000000, -0.000000, -0.000000, -1.000000, -0.000000, 0.000000, -0.000000, -0.000000, -1.000000, 0.000000, -0.000000, 0.000000, -0.000000, 1.000000, },
	},
	["shoulder.l"] = {
		parent = "spine2",
		inverseBindPose = { -0.447214, 0.894427, -0.000000, 3.577709, 0.894427, 0.447214, -0.000000, 1.788854, 0.000000, -0.000000, -1.000000, -0.000000, -0.000000, 0.000000, -0.000000, 1.000000, },
	},
	["fin.t.l"] = {
		parent = "shoulder.l",
		inverseBindPose = { -0.554700, 0.832050, -0.000000, 3.605551, 0.832050, 0.554700, -0.000000, -0.000000, 0.000000, -0.000000, -1.000000, -0.000000, -0.000000, 0.000000, -0.000000, 1.000000, },
	},
	["fin.b.l"] = {
		parent = "fin.t.l",
		inverseBindPose = { -0.554700, 0.832050, -0.000000, 3.605551, 0.832050, 0.554700, -0.000000, -1.802776, 0.000000, -0.000000, -1.000000, -0.000000, -0.000000, 0.000000, -0.000000, 1.000000, },
	},
	["shoulder.r"] = {
		parent = "spine2",
		inverseBindPose = { -0.447214, -0.894427, -0.000000, -3.577709, -0.894427, 0.447214, 0.000000, 1.788854, 0.000000, 0.000000, -1.000000, 0.000000, -0.000000, -0.000000, 0.000000, 1.000000, },
	},
	["fin.t.r"] = {
		parent = "shoulder.r",
		inverseBindPose = { -0.554700, -0.832050, -0.000000, -3.605551, -0.832050, 0.554700, 0.000000, -0.000000, 0.000000, 0.000000, -1.000000, 0.000000, -0.000000, 0.000000, 0.000000, 1.000000, },
	},
	["fin.b.r"] = {
		parent = "fin.t.r",
		inverseBindPose = { -0.554700, -0.832050, -0.000000, -3.605551, -0.832050, 0.554700, 0.000000, -1.802776, 0.000000, 0.000000, -1.000000, 0.000000, -0.000000, 0.000000, 0.000000, 1.000000, },
	},
	["spine1"] = {
		parent = "spine2",
		inverseBindPose = { 1.000000, -0.000000, -0.000001, -0.000000, -0.000000, -1.000000, -0.000000, -4.000000, -0.000001, -0.000000, -1.000000, -0.000000, -0.000000, 0.000000, -0.000000, 1.000000, },
	},
	["jaw.top"] = {
		parent = "spine1",
		inverseBindPose = { 1.000000, -0.000001, -0.000005, -0.000003, 0.000000, -0.994309, 0.106533, -6.065287, -0.000005, -0.106533, -0.994309, -0.649852, -0.000000, 0.000000, -0.000000, 1.000000, },
	},
	["jaw.bottom"] = {
		parent = "spine1",
		inverseBindPose = { 1.000000, 0.000000, -0.000000, 0.000001, 0.000000, -0.875595, -0.483045, -5.341131, -0.000000, 0.483045, -0.875595, 2.946578, -0.000000, 0.000000, 0.000000, 1.000000, },
	},
	["Whale"] = {
		parent = "Armature",
		inverseBindPose = { 1.000000, -0.000000, 0.000000, -0.000000, -0.000000, 1.000000, -0.000000, 0.000000, 0.000000, -0.000000, 1.000000, -0.000000, -0.000000, 0.000000, -0.000000, 1.000000, },
	},
}
