{
	["Armature"] = {
		inverseBindPose = { 1.000000, -0.000000, 0.000000, -0.000000, -0.000000, 0.000000, -1.000000, 0.000000, 0.000000, 1.000000, 0.000000, -0.000000, -0.000000, 0.000000, -0.000000, 1.000000, },
	},
	["root"] = {
		parent = "Armature",
		inverseBindPose = { 0.999255, 0.038598, 0.000000, -0.000000, -0.038598, 0.999255, 0.000000, 0.000000, -0.000000, -0.000000, 1.000000, -0.000000, -0.000000, 0.000000, -0.000000, 1.000000, },
	},
	["gem2"] = {
		parent = "root",
		inverseBindPose = { -0.000000, 0.000000, 1.000000, -0.000000, 0.469428, 0.882971, 0.000000, -0.400612, -0.882971, 0.469428, 0.000000, -0.233248, -0.000000, -0.000000, -0.000000, 1.000000, },
	},
	["gem1"] = {
		parent = "root",
		inverseBindPose = { -0.000000, -0.000000, -1.000000, 0.000000, -0.916539, 0.399944, 0.000000, -0.201662, 0.399944, 0.916539, -0.000000, -0.417405, -0.000000, -0.000000, 0.000000, 1.000000, },
	},
	["Bone.003"] = {
		parent = "root",
		inverseBindPose = { -0.000000, 0.000000, 1.000000, -0.000000, 0.023523, 0.999723, 0.000000, -0.462672, -0.999723, 0.023523, -0.000000, -0.028784, -0.000000, -0.000000, -0.000000, 1.000000, },
	},
	["gem3"] = {
		parent = "Bone.003",
		inverseBindPose = { 0.000000, 0.000000, -1.000000, -0.000000, -0.644136, 0.764911, 0.000000, -0.935990, 0.764911, 0.644136, 0.000000, -0.788202, -0.000000, 0.000000, -0.000000, 1.000000, },
	},
	["Bone.006"] = {
		parent = "Bone.003",
		inverseBindPose = { 0.000000, 0.000000, -1.000000, 0.000000, -0.022466, 0.999747, 0.000000, -1.223348, 0.999748, 0.022466, 0.000000, -0.027491, -0.000000, 0.000000, -0.000000, 1.000000, },
	},
	["rune"] = {
		parent = "Bone.006",
		inverseBindPose = { -0.000000, 0.000000, 1.000000, -0.000000, 0.018515, 0.999828, 0.000000, -2.019201, -0.999828, 0.018515, -0.000000, -0.055288, -0.000000, -0.000000, -0.000000, 1.000000, },
	},
	["gem4"] = {
		parent = "Bone.003",
		inverseBindPose = { -0.000000, 0.000000, 1.000000, -0.000000, 0.249298, 0.968427, 0.000000, -1.185023, -0.968427, 0.249298, -0.000000, -0.305055, -0.000000, -0.000000, -0.000000, 1.000000, },
	},
}
