{
	["Armature"] = {
		inverseBindPose = { 1.000000, -0.000000, 0.000000, -0.000000, -0.000000, 0.000000, -1.000000, 0.000000, 0.000000, 1.000000, 0.000000, -0.000000, -0.000000, 0.000000, -0.000000, 1.000000, },
	},
	["root"] = {
		parent = "Armature",
		inverseBindPose = { 1.000000, -0.000000, 0.000000, -0.000000, -0.000000, 1.000000, -0.000000, 0.000000, 0.000000, -0.000000, 1.000000, -0.000000, -0.000000, 0.000000, -0.000000, 1.000000, },
	},
	["trunk"] = {
		parent = "root",
		inverseBindPose = { 1.000000, -0.000000, 0.000000, -0.000000, -0.000000, 1.000000, -0.000000, -1.500000, 0.000000, -0.000000, 1.000000, -0.000000, -0.000000, 0.000000, -0.000000, 1.000000, },
	},
	["leaf"] = {
		parent = "trunk",
		inverseBindPose = { 1.000000, -0.000000, 0.000000, -0.000000, -0.000000, 1.000000, -0.000000, -3.000000, 0.000000, -0.000000, 1.000000, -0.000000, -0.000000, 0.000000, -0.000000, 1.000000, },
	},
	["leaf.tl"] = {
		parent = "leaf",
		inverseBindPose = { 0.000000, 0.000000, 1.000000, -0.000000, 0.894427, -0.447214, -0.000000, 3.130495, 0.447214, 0.894427, -0.000000, -6.260991, -0.000000, 0.000000, -0.000000, 1.000000, },
	},
	["leaf.ml"] = {
		parent = "leaf.tl",
		inverseBindPose = { 1.000000, -0.000000, -0.000000, -2.000000, -0.000000, -1.000000, 0.000000, 6.000000, 0.000000, -0.000000, -1.000000, -0.000000, -0.000000, 0.000000, -0.000000, 1.000000, },
	},
	["leaf.bl"] = {
		parent = "leaf.ml",
		inverseBindPose = { 1.000000, -0.000000, 0.000000, -2.000000, -0.000000, -1.000000, -0.000000, 4.500001, 0.000000, -0.000000, -1.000000, -0.000000, -0.000000, 0.000000, -0.000000, 1.000000, },
	},
	["leaf.tm"] = {
		parent = "leaf",
		inverseBindPose = { 0.000000, 0.000000, 1.000001, -0.000000, 0.316228, -0.948684, -0.000000, 6.640785, 0.948683, 0.316228, -0.000000, -2.213594, -0.000000, 0.000000, -0.000000, 1.000000, },
	},
	["leaf.mm"] = {
		parent = "leaf.tm",
		inverseBindPose = { 1.000000, -0.000000, -0.000000, -0.499999, 0.000000, -1.000000, -0.000000, 5.500002, 0.000000, 0.000000, -1.000001, -0.000000, -0.000000, 0.000000, 0.000000, 1.000000, },
	},
	["leaf.bm"] = {
		parent = "leaf.mm",
		inverseBindPose = { 1.000000, -0.000000, 0.000000, -0.500000, 0.000000, -1.000000, -0.000000, 4.000002, 0.000000, -0.000000, -1.000001, -0.000000, -0.000000, 0.000000, -0.000000, 1.000000, },
	},
	["leaf.tr"] = {
		parent = "leaf",
		inverseBindPose = { 0.000000, -0.000000, -1.000000, 0.000000, -0.894427, -0.447214, -0.000000, 3.130495, -0.447214, 0.894427, -0.000000, -6.260991, 0.000000, 0.000000, 0.000000, 1.000000, },
	},
	["leaf.mr"] = {
		parent = "leaf.tr",
		inverseBindPose = { 1.000000, 0.000000, 0.000000, 2.000000, 0.000000, -1.000000, 0.000000, 6.000000, -0.000000, -0.000000, -1.000000, -0.000000, -0.000000, 0.000000, -0.000000, 1.000000, },
	},
	["leaf.br"] = {
		parent = "leaf.mr",
		inverseBindPose = { 1.000000, 0.000000, -0.000000, 2.000000, 0.000000, -1.000000, -0.000000, 4.500001, -0.000000, -0.000000, -1.000000, -0.000000, -0.000000, 0.000000, -0.000000, 1.000000, },
	},
	["branch.l"] = {
		parent = "root",
		inverseBindPose = { -0.000000, -0.000000, -1.000000, 0.000000, -0.707107, 0.707107, -0.000000, -1.060660, 0.707107, 0.707107, 0.000000, -1.060660, -0.000000, 0.000000, -0.000000, 1.000000, },
	},
	["branch.r"] = {
		parent = "root",
		inverseBindPose = { -0.000000, 0.000000, 1.000000, -0.000000, 0.832050, 0.554700, 0.000000, -0.832050, -0.554700, 0.832050, -0.000000, -1.248075, -0.000000, -0.000000, -0.000000, 1.000000, },
	},
}
