{
	["Armature"] = {
		inverseBindPose = { 1.000000, -0.000000, 0.000000, -0.000000, -0.000000, 1.000000, -0.000000, 0.000000, 0.000000, -0.000000, 1.000000, -0.000000, -0.000000, 0.000000, -0.000000, 1.000000, },
	},
	["root"] = {
		parent = "Armature",
		inverseBindPose = { 1.000000, 0.000000, -0.000000, -0.000000, 0.000000, 0.257663, 0.966235, -0.000000, 0.000000, -0.966235, 0.257663, -0.000000, -0.000000, 0.000000, -0.000000, 1.000000, },
	},
	["hinge.right"] = {
		parent = "root",
		inverseBindPose = { 0.000000, 0.000000, 1.000000, -3.000000, -0.868243, -0.496139, -0.000000, 0.396912, 0.496139, -0.868243, 0.000000, 0.694594, -0.000000, 0.000000, -0.000000, 1.000000, },
	},
	["door.right"] = {
		parent = "hinge.right",
		inverseBindPose = { 0.000000, -0.000000, 1.000000, -3.000000, 1.000000, 0.000001, 0.000000, 1.399999, 0.000000, 0.999998, 0.000000, 0.000000, -0.000000, 0.000000, -0.000000, 1.000000, },
	},
	["hinge.left"] = {
		parent = "root",
		inverseBindPose = { 0.135660, 0.237405, -0.961892, 2.695751, 0.868243, -0.496139, -0.000000, 0.396911, -0.477232, -0.835156, -0.273431, 1.488418, -0.000000, 0.000000, -0.000000, 1.000000, },
	},
	["door.left"] = {
		parent = "hinge.left",
		inverseBindPose = { 0.000000, -0.273431, -0.961891, 2.885674, -1.000000, 0.000000, 0.000000, 1.400000, 0.000000, 0.961891, -0.273431, 0.820294, -0.000000, 0.000000, 0.000000, 1.000000, },
	},
	["clothes"] = {
		parent = "root",
		inverseBindPose = { 1.000000, -0.000000, -0.000000, 0.000000, 0.000000, 0.000001, -1.000000, 2.999999, 0.000000, 1.000004, -0.000000, -0.800004, -0.000000, 0.000000, -0.000000, 1.000000, },
	},
	["armoire.exterior"] = {
		parent = "Armature",
		inverseBindPose = { 1.000000, -0.000000, 0.000000, -0.000000, -0.000000, 1.000000, -0.000000, 0.000000, 0.000000, -0.000000, 1.000000, -0.000000, -0.000000, 0.000000, -0.000000, 1.000000, },
	},
	["armoire.doors"] = {
		parent = "Armature",
		inverseBindPose = { 1.000000, -0.000000, 0.000000, -0.000000, -0.000000, 1.000000, -0.000000, 0.000000, 0.000000, -0.000000, 1.000000, -0.000000, -0.000000, 0.000000, -0.000000, 1.000000, },
	},
	["armoire.interior"] = {
		parent = "Armature",
		inverseBindPose = { 1.000000, -0.000000, 0.000000, -0.000000, -0.000000, 1.000000, -0.000000, 0.000000, 0.000000, -0.000000, 1.000000, -0.000000, -0.000000, 0.000000, -0.000000, 1.000000, },
	},
	["armoire.clothes"] = {
		parent = "Armature",
		inverseBindPose = { 1.000000, -0.000000, 0.000000, -0.000000, -0.000000, 1.000000, -0.000000, 0.000000, 0.000000, -0.000000, 1.000000, -0.000000, -0.000000, 0.000000, -0.000000, 1.000000, },
	},
}
