{
	["Armature"] = {
		inverseBindPose = { 1.000000, -0.000000, 0.000000, -0.000000, -0.000000, 0.000000, -1.000000, 0.000000, 0.000000, 1.000000, 0.000000, -0.000000, -0.000000, 0.000000, -0.000000, 1.000000, },
	},
	["trunk"] = {
		parent = "Armature",
		inverseBindPose = { 1.000000, -0.000000, 0.000000, -0.000000, -0.000000, 1.000000, -0.000000, 0.000000, 0.000000, -0.000000, 1.000000, -0.000000, -0.000000, 0.000000, -0.000000, 1.000000, },
	},
	["branch1"] = {
		parent = "trunk",
		inverseBindPose = { -0.000000, 0.000000, 1.000000, -0.000000, 0.466963, 0.884277, 0.000000, -0.413779, -0.884277, 0.466963, -0.000000, -0.218506, -0.000000, -0.000000, -0.000000, 1.000000, },
	},
	["branch2"] = {
		parent = "trunk",
		inverseBindPose = { -0.000000, -0.000000, -1.000000, 0.000000, -0.712899, 0.701267, 0.000000, -0.328144, 0.701267, 0.712899, -0.000000, -0.333587, -0.000000, -0.000000, 0.000000, 1.000000, },
	},
	["Bone.003"] = {
		parent = "trunk",
		inverseBindPose = { 1.000000, 0.000000, -0.000000, -0.000000, -0.000000, 1.000000, 0.000000, -0.467930, 0.000000, -0.000000, 1.000000, 0.000000, -0.000000, 0.000000, -0.000000, 1.000000, },
	},
	["branch3"] = {
		parent = "Bone.003",
		inverseBindPose = { 0.000000, 0.000000, -1.000000, -0.000000, -0.770395, 0.637568, 0.000000, -1.493197, 0.637568, 0.770394, 0.000000, -1.804280, -0.000000, 0.000000, -0.000000, 1.000000, },
	},
}
