{
	["Armature"] = {
		inverseBindPose = { 1.000000, -0.000000, 0.000000, -0.000000, -0.000000, 1.000000, -0.000000, 0.000000, 0.000000, -0.000000, 1.000000, -0.000000, -0.000000, 0.000000, -0.000000, 1.000000, },
	},
	["root"] = {
		parent = "Armature",
		inverseBindPose = { 1.000000, -0.000000, 0.000000, -0.000000, -0.000000, 0.000000, 1.000000, 0.100000, 0.000000, -1.000000, 0.000000, -0.000000, -0.000000, 0.000000, -0.000000, 1.000000, },
	},
	["spine.front"] = {
		parent = "root",
		inverseBindPose = { 0.000000, 0.000000, 1.000000, -0.030000, -1.000000, 0.000000, -0.000000, 0.000000, 0.000000, -1.000000, 0.000000, -0.000000, -0.000000, 0.000000, -0.000000, 1.000000, },
	},
	["cover.front"] = {
		parent = "spine.front",
		inverseBindPose = { 0.923431, 0.000000, 0.383764, 0.053127, -0.383764, 0.000000, 0.923431, -0.054566, 0.000000, -1.000000, 0.000000, 0.000000, -0.000000, 0.000000, -0.000000, 1.000000, },
	},
	["clasp.hand"] = {
		parent = "spine.front",
		inverseBindPose = { 0.923903, 0.000000, 0.382627, 0.053194, -0.382627, 0.000000, 0.923903, -0.054501, 0.000000, -1.000000, 0.000000, 0.000000, -0.000000, 0.000000, -0.000000, 1.000000, },
	},
	["clasp.finger1"] = {
		parent = "clasp.hand",
		inverseBindPose = { 0.894427, 0.000000, 0.447213, -0.026833, -0.447213, 0.000000, 0.894427, -1.126978, 0.000000, -1.000000, 0.000000, -0.000000, -0.000000, 0.000000, -0.000000, 1.000000, },
	},
	["clasp.finger2"] = {
		parent = "clasp.finger1",
		inverseBindPose = { 0.894427, 0.000000, 0.447214, -0.026833, -0.447214, 0.000000, 0.894427, -1.350585, 0.000000, -1.000000, 0.000000, -0.000000, -0.000000, 0.000000, -0.000000, 1.000000, },
	},
	["pages.front.bottom1"] = {
		parent = "root",
		inverseBindPose = { 0.928477, 0.000000, 0.371391, -0.011142, -0.371391, -0.000000, 0.928477, -0.027854, 0.000000, -1.000000, 0.000000, -0.000000, -0.000000, 0.000000, -0.000000, 1.000000, },
	},
	["pages.front.bottom2"] = {
		parent = "pages.front.bottom1",
		inverseBindPose = { 0.948683, 0.000000, 0.316228, 0.022136, -0.316228, -0.000000, 0.948683, -0.566048, 0.000000, -1.000000, 0.000000, 0.000000, -0.000000, 0.000000, -0.000000, 1.000000, },
	},
	["pages.front.top1"] = {
		parent = "root",
		inverseBindPose = { 0.928477, 0.000000, 0.371391, -0.011142, -0.371391, -0.000000, 0.928477, -0.027854, 0.000000, -1.000000, 0.000000, -0.000000, -0.000000, 0.000000, -0.000000, 1.000000, },
	},
	["pages.front.top2"] = {
		parent = "pages.front.top1",
		inverseBindPose = { 0.948683, 0.000000, 0.316228, 0.022136, -0.316228, -0.000000, 0.948683, -0.566048, 0.000000, -1.000000, 0.000000, 0.000000, -0.000000, 0.000000, -0.000000, 1.000000, },
	},
	["spine.back"] = {
		parent = "root",
		inverseBindPose = { 0.000000, -0.000000, -1.000000, 0.030000, 1.000000, 0.000000, -0.000000, 0.000000, 0.000000, -1.000000, 0.000000, -0.000000, -0.000000, 0.000000, -0.000000, 1.000000, },
	},
	["cover.back"] = {
		parent = "spine.back",
		inverseBindPose = { 0.923375, 0.011023, -0.383740, -0.053124, 0.383764, 0.000000, 0.923431, -0.054566, 0.010179, -0.999939, -0.004230, -0.000586, -0.000000, 0.000000, -0.000000, 1.000000, },
	},
	["pages.back.bottom1"] = {
		parent = "root",
		inverseBindPose = { 0.672345, -0.689655, -0.268938, 0.008068, 0.371391, -0.000000, 0.928477, -0.027854, -0.640329, -0.724138, 0.256131, -0.007684, -0.000000, 0.000000, -0.000000, 1.000000, },
	},
	["pages.back.bottom2"] = {
		parent = "pages.back.bottom1",
		inverseBindPose = { 0.948683, 0.000001, -0.316228, -0.022136, 0.316228, -0.000000, 0.948683, -0.566047, 0.000001, -1.000000, -0.000000, -0.000000, -0.000000, 0.000000, -0.000000, 1.000000, },
	},
	["pages.back.top1"] = {
		parent = "root",
		inverseBindPose = { 0.928477, -0.000000, -0.371391, 0.011142, 0.371391, -0.000000, 0.928477, -0.027854, -0.000000, -1.000000, 0.000000, -0.000000, -0.000000, 0.000000, -0.000000, 1.000000, },
	},
	["pages.back.top2"] = {
		parent = "pages.back.top1",
		inverseBindPose = { 0.948683, -0.000000, -0.316228, -0.022136, 0.316228, -0.000000, 0.948683, -0.566048, -0.000000, -1.000000, 0.000000, 0.000000, -0.000000, 0.000000, -0.000000, 1.000000, },
	},
	["page1"] = {
		parent = "root",
		inverseBindPose = { 1.000000, -0.000000, 0.000000, -0.000000, -0.000000, 0.000000, 1.000000, -0.030000, 0.000000, -1.000000, 0.000000, -0.000000, -0.000000, 0.000000, -0.000000, 1.000000, },
	},
	["page2"] = {
		parent = "page1",
		inverseBindPose = { 1.000000, -0.000000, 0.000000, -0.000000, -0.000000, 0.000000, 1.000000, -0.250800, 0.000000, -1.000000, 0.000000, -0.000000, -0.000000, 0.000000, -0.000000, 1.000000, },
	},
	["page3"] = {
		parent = "page2",
		inverseBindPose = { 1.000000, -0.000000, 0.000000, -0.000000, -0.000000, 0.000000, 1.000000, -0.382800, 0.000000, -1.000000, 0.000000, -0.000000, -0.000000, 0.000000, -0.000000, 1.000000, },
	},
	["page4"] = {
		parent = "page3",
		inverseBindPose = { 1.000000, -0.000000, 0.000000, -0.000000, -0.000000, 0.000000, 1.000000, -0.514800, 0.000000, -1.000000, 0.000000, -0.000000, -0.000000, 0.000000, -0.000000, 1.000000, },
	},
	["page5"] = {
		parent = "page4",
		inverseBindPose = { 1.000000, -0.000000, 0.000000, -0.000000, -0.000000, 0.000000, 1.000000, -0.646800, 0.000000, -1.000000, 0.000000, -0.000000, -0.000000, 0.000000, -0.000000, 1.000000, },
	},
	["page6"] = {
		parent = "page5",
		inverseBindPose = { 1.000000, -0.000000, 0.000000, -0.000000, -0.000000, 0.000000, 1.000000, -0.749800, 0.000000, -1.000000, 0.000000, -0.000000, -0.000000, 0.000000, -0.000000, 1.000000, },
	},
	["page7"] = {
		parent = "page6",
		inverseBindPose = { 1.000000, -0.000000, 0.000000, -0.000000, -0.000000, 0.000000, 1.000000, -0.852800, 0.000000, -1.000000, 0.000000, -0.000000, -0.000000, 0.000000, -0.000000, 1.000000, },
	},
	["page8"] = {
		parent = "page7",
		inverseBindPose = { 1.000000, -0.000000, 0.000000, -0.000000, -0.000000, 0.000000, 1.000000, -0.955800, 0.000000, -1.000000, 0.000000, -0.000000, -0.000000, 0.000000, -0.000000, 1.000000, },
	},
	["spine"] = {
		parent = "root",
		inverseBindPose = { 0.000000, 1.000000, 0.000000, -0.000000, -0.000000, 0.000000, -1.000000, 0.030000, -1.000000, 0.000000, 0.000000, -0.000000, -0.000000, 0.000000, -0.000000, 1.000000, },
	},
	["book.page"] = {
		parent = "Armature",
		inverseBindPose = { 1.000000, -0.000000, 0.000000, -0.000000, -0.000000, 1.000000, -0.000000, 0.000000, 0.000000, -0.000000, 1.000000, -0.000000, -0.000000, 0.000000, -0.000000, 1.000000, },
	},
	["book"] = {
		parent = "Armature",
		inverseBindPose = { 1.000000, -0.000000, 0.000000, -0.000000, -0.000000, 1.000000, -0.000000, 0.000000, 0.000000, -0.000000, 1.000000, -0.000000, -0.000000, 0.000000, -0.000000, 1.000000, },
	},
	["book.cover.back"] = {
		parent = "Armature",
		inverseBindPose = { 1.000000, -0.000000, 0.000000, -0.000000, -0.000000, 1.000000, -0.000000, 0.000000, 0.000000, -0.000000, 1.000000, -0.000000, -0.000000, 0.000000, -0.000000, 1.000000, },
	},
	["book.cover.front"] = {
		parent = "Armature",
		inverseBindPose = { 1.000000, -0.000000, 0.000000, -0.000000, -0.000000, 1.000000, -0.000000, 0.000000, 0.000000, -0.000000, 1.000000, -0.000000, -0.000000, 0.000000, -0.000000, 1.000000, },
	},
	["book.pages"] = {
		parent = "Armature",
		inverseBindPose = { 1.000000, -0.000000, 0.000000, -0.000000, -0.000000, 1.000000, -0.000000, 0.000000, 0.000000, -0.000000, 1.000000, -0.000000, -0.000000, 0.000000, -0.000000, 1.000000, },
	},
	["book.clasp"] = {
		parent = "Armature",
		inverseBindPose = { 1.000000, -0.000000, 0.000000, -0.000000, -0.000000, 1.000000, -0.000000, 0.000000, 0.000000, -0.000000, 1.000000, -0.000000, -0.000000, 0.000000, -0.000000, 1.000000, },
	},
}
