{
	["Armature"] = {
		inverseBindPose = { 1.000000, -0.000000, 0.000000, -0.000000, -0.000000, 1.000000, -0.000000, 0.000000, 0.000000, -0.000000, 1.000000, 1.000000, -0.000000, 0.000000, -0.000000, 1.000000, },
	},
	["root"] = {
		parent = "Armature",
		inverseBindPose = { 1.000000, -0.000000, 0.000000, -0.000000, -0.000000, 0.000000, 1.000000, 1.000000, 0.000000, -1.000000, 0.000000, -0.000000, -0.000000, 0.000000, -0.000000, 1.000000, },
	},
	["tree1"] = {
		parent = "root",
		inverseBindPose = { 1.000000, -0.000000, 0.000000, -0.000000, -0.000000, 0.000000, 1.000000, 0.000000, 0.000000, -1.000000, 0.000000, -0.000000, -0.000000, 0.000000, -0.000000, 1.000000, },
	},
	["tree2"] = {
		parent = "tree1",
		inverseBindPose = { 1.000000, -0.000000, 0.000000, -0.000000, -0.000000, 0.000000, 1.000000, -3.700000, 0.000000, -1.000000, 0.000000, -0.000000, -0.000000, 0.000000, -0.000000, 1.000000, },
	},
	["tree3"] = {
		parent = "tree2",
		inverseBindPose = { 1.000000, -0.000000, 0.000000, -0.000000, -0.000000, 0.000000, 1.000000, -4.450000, 0.000000, -1.000000, 0.000000, -0.000000, -0.000000, 0.000000, -0.000000, 1.000000, },
	},
	["tree4"] = {
		parent = "tree3",
		inverseBindPose = { 1.000000, -0.000000, 0.000000, -0.000000, -0.000000, 0.000000, 1.000000, -5.200000, 0.000000, -1.000000, 0.000000, -0.000000, -0.000000, 0.000000, -0.000000, 1.000000, },
	},
	["tree5"] = {
		parent = "tree4",
		inverseBindPose = { 1.000000, -0.000000, 0.000000, -0.000000, -0.000000, 0.000000, 1.000000, -6.100000, 0.000000, -1.000000, 0.000000, -0.000000, -0.000000, 0.000000, -0.000000, 1.000000, },
	},
	["branch4"] = {
		parent = "tree4",
		inverseBindPose = { 0.822755, -0.566392, 0.047686, -0.290887, 0.565917, 0.808452, -0.161690, 0.986311, 0.053028, 0.160018, 0.985689, -6.012701, -0.000000, 0.000000, -0.000000, 1.000000, },
	},
	["branch3"] = {
		parent = "tree3",
		inverseBindPose = { 0.280899, -0.449438, 0.847998, -4.409590, -0.847998, -0.529999, -0.000000, 0.000000, 0.449438, -0.719101, -0.529999, 2.755995, -0.000000, 0.000000, -0.000000, 1.000000, },
	},
	["branch2"] = {
		parent = "tree2",
		inverseBindPose = { 0.858433, 0.254061, 0.445584, -1.982849, -0.464207, 0.754336, 0.464207, -2.065722, -0.218183, -0.605334, 0.765484, -3.406406, -0.000000, 0.000000, -0.000000, 1.000000, },
	},
	["branch1"] = {
		parent = "tree1",
		inverseBindPose = { 0.554700, 0.000000, -0.832050, 3.078586, 0.832050, 0.000000, 0.554700, -2.052390, 0.000000, -1.000000, -0.000000, 0.000001, -0.000000, 0.000000, -0.000000, 1.000000, },
	},
	["Cube"] = {
		parent = "Armature",
		inverseBindPose = { 1.000000, -0.000000, 0.000000, -0.000000, -0.000000, 1.000000, -0.000000, 0.000000, 0.000000, -0.000000, 1.000000, 1.000000, -0.000000, 0.000000, -0.000000, 1.000000, },
	},
}
