{
	["Armature"] = {
		inverseBindPose = { 1.000000, -0.000000, 0.000000, -0.000000, -0.000000, 1.000000, -0.000000, 0.000000, 0.000000, -0.000000, 1.000000, -0.000000, -0.000000, 0.000000, -0.000000, 1.000000, },
	},
	["root"] = {
		parent = "Armature",
		inverseBindPose = { -0.000000, 1.000000, 0.000000, -0.000000, -0.000000, 0.000000, 1.000000, 0.000000, 1.000000, 0.000000, 0.000000, -0.000000, -0.000000, 0.000000, -0.000000, 1.000000, },
	},
	["mast1"] = {
		parent = "root",
		inverseBindPose = { -0.000000, 1.000000, 0.000000, -0.000000, -0.000000, 0.000000, 1.000000, -1.000000, 1.000000, 0.000000, 0.000000, -0.000000, -0.000000, 0.000000, -0.000000, 1.000000, },
	},
	["bottom1"] = {
		parent = "mast1",
		inverseBindPose = { 0.000000, 0.707107, 0.707107, -11.313710, 0.000000, -0.707107, 0.707107, -11.313705, 1.000000, -0.000000, -0.000000, 0.000001, -0.000000, 0.000000, -0.000000, 1.000000, },
	},
	["bottom2"] = {
		parent = "mast1",
		inverseBindPose = { 0.000000, -0.000000, 1.000000, -16.000000, -0.000000, -1.000000, -0.000000, 0.000000, 1.000000, -0.000000, -0.000000, 0.000001, -0.000000, 0.000000, -0.000000, 1.000000, },
	},
	["bottom3"] = {
		parent = "mast1",
		inverseBindPose = { -0.000000, -0.707107, 0.707107, -11.313708, -0.000000, -0.707107, -0.707107, 11.313709, 1.000000, -0.000000, 0.000000, -0.000000, -0.000000, 0.000000, -0.000000, 1.000000, },
	},
	["mast2"] = {
		parent = "mast1",
		inverseBindPose = { -0.000000, 1.000000, 0.000000, -0.000000, -0.000000, 0.000000, 1.000000, -16.000000, 1.000000, 0.000000, 0.000000, -0.000000, -0.000000, 0.000000, -0.000000, 1.000000, },
	},
	["top2"] = {
		parent = "mast2",
		inverseBindPose = { 0.000001, -0.000000, 1.000000, -28.000000, -0.000000, -1.000000, -0.000000, 0.000000, 1.000000, -0.000000, -0.000001, 0.000028, -0.000000, 0.000000, -0.000000, 1.000000, },
	},
	["top1"] = {
		parent = "mast2",
		inverseBindPose = { 0.000000, 0.600000, 0.800000, -22.400000, -0.000000, -0.800000, 0.600000, -16.800003, 1.000000, -0.000000, -0.000000, 0.000002, -0.000000, 0.000000, -0.000000, 1.000000, },
	},
	["top3"] = {
		parent = "mast2",
		inverseBindPose = { 0.000000, -0.600000, 0.800000, -22.400002, -0.000000, -0.800000, -0.600000, 16.800001, 1.000000, 0.000000, -0.000000, 0.000010, -0.000000, 0.000000, -0.000000, 1.000000, },
	},
	["sails.foremast"] = {
		parent = "Armature",
		inverseBindPose = { 1.000000, -0.000000, 0.000000, -0.000000, -0.000000, 1.000000, -0.000000, 0.000000, 0.000000, -0.000000, 1.000000, -0.000000, -0.000000, 0.000000, -0.000000, 1.000000, },
	},
}
