{
	["Armature"] = {
		inverseBindPose = { 1.000000, -0.000000, 0.000000, -20.000000, -0.000000, 1.000000, -0.000000, 0.000000, 0.000000, -0.000000, 1.000000, -4.000000, -0.000000, 0.000000, -0.000000, 1.000000, },
	},
	["root"] = {
		parent = "Armature",
		inverseBindPose = { 1.000000, -0.000000, 0.000000, -20.000000, -0.000000, 0.000000, 1.000000, -4.000000, 0.000000, -1.000000, 0.000000, -0.000000, -0.000000, 0.000000, -0.000000, 1.000000, },
	},
	["mast1"] = {
		parent = "root",
		inverseBindPose = { 1.000000, -0.000000, 0.000000, -20.000000, -0.000000, 0.000000, 1.000000, -5.000000, 0.000000, -1.000000, 0.000000, -0.000000, -0.000000, 0.000000, -0.000000, 1.000000, },
	},
	["bottom1"] = {
		parent = "mast1",
		inverseBindPose = { 0.707107, -0.000000, 0.707107, -26.162952, -0.707107, -0.000000, 0.707107, 2.121326, -0.000000, -1.000000, -0.000000, 0.000004, -0.000000, 0.000000, -0.000000, 1.000000, },
	},
	["bottom2"] = {
		parent = "mast1",
		inverseBindPose = { 0.000000, 0.000000, 1.000000, -17.000000, -1.000000, 0.000000, -0.000000, 20.000000, 0.000000, -1.000000, 0.000000, -0.000001, -0.000000, 0.000000, -0.000000, 1.000000, },
	},
	["bottom3"] = {
		parent = "mast1",
		inverseBindPose = { -0.707106, 0.000000, 0.707106, 2.121320, -0.707106, 0.000000, -0.707107, 26.162947, -0.000000, -1.000000, -0.000000, 0.000003, -0.000000, 0.000000, -0.000000, 1.000000, },
	},
	["mast2"] = {
		parent = "mast1",
		inverseBindPose = { 1.000000, -0.000000, 0.000000, -20.000000, -0.000000, 0.000000, 1.000000, -17.000000, 0.000000, -1.000000, 0.000000, -0.000000, -0.000000, 0.000000, -0.000000, 1.000000, },
	},
	["top2"] = {
		parent = "mast2",
		inverseBindPose = { 0.000000, -0.000001, 1.000000, -29.000000, -1.000000, 0.000000, -0.000000, 20.000000, 0.000000, -1.000000, -0.000001, 0.000032, 0.000000, 0.000000, -0.000000, 1.000000, },
	},
	["top1"] = {
		parent = "mast2",
		inverseBindPose = { 0.600000, -0.000000, 0.800000, -35.200001, -0.800000, -0.000000, 0.600000, -1.400001, -0.000000, -1.000000, -0.000000, 0.000001, -0.000000, 0.000000, -0.000000, 1.000000, },
	},
	["top3"] = {
		parent = "mast2",
		inverseBindPose = { -0.600000, -0.000001, 0.800000, -11.200001, -0.800000, -0.000000, -0.600000, 33.399998, 0.000000, -1.000000, -0.000000, 0.000006, 0.000000, 0.000000, 0.000000, 1.000000, },
	},
	["sails.rearmast"] = {
		parent = "Armature",
		inverseBindPose = { 1.000000, -0.000000, 0.000000, -20.000000, -0.000000, 1.000000, -0.000000, 0.000000, 0.000000, -0.000000, 1.000000, -4.000000, -0.000000, 0.000000, -0.000000, 1.000000, },
	},
}
