{
	["Armature"] = {
		inverseBindPose = { 1.000000, -0.000000, 0.000000, 18.000000, -0.000000, 1.000000, -0.000000, 0.000000, 0.000000, -0.000000, 1.000000, -0.000000, -0.000000, 0.000000, -0.000000, 1.000000, },
	},
	["root"] = {
		parent = "Armature",
		inverseBindPose = { 1.000000, -0.000000, 0.000000, 18.000000, -0.000000, 0.000000, 1.000000, 0.000000, 0.000000, -1.000000, 0.000000, -0.000000, -0.000000, 0.000000, -0.000000, 1.000000, },
	},
	["mast1"] = {
		parent = "root",
		inverseBindPose = { 1.000000, -0.000000, 0.000000, 18.000000, -0.000000, 0.000000, 1.000000, -1.000000, 0.000000, -1.000000, 0.000000, -0.000000, -0.000000, 0.000000, -0.000000, 1.000000, },
	},
	["bottom1"] = {
		parent = "mast1",
		inverseBindPose = { 0.707107, -0.000000, 0.707107, 1.414209, -0.707107, -0.000000, 0.707107, -24.041634, -0.000000, -1.000000, -0.000000, 0.000002, -0.000000, 0.000000, -0.000000, 1.000000, },
	},
	["bottom2"] = {
		parent = "mast1",
		inverseBindPose = { 0.000000, 0.000000, 1.000000, -16.000000, -1.000000, 0.000000, 0.000000, -18.000000, 0.000000, -1.000000, 0.000000, -0.000001, -0.000000, 0.000000, -0.000000, 1.000000, },
	},
	["bottom3"] = {
		parent = "mast1",
		inverseBindPose = { -0.707106, 0.000000, 0.707106, -24.041620, -0.707106, 0.000000, -0.707107, -1.414205, -0.000000, -1.000000, -0.000000, -0.000001, -0.000000, 0.000000, -0.000000, 1.000000, },
	},
	["mast2"] = {
		parent = "mast1",
		inverseBindPose = { 1.000000, -0.000000, 0.000000, 18.000000, -0.000000, 0.000000, 1.000000, -16.000000, 0.000000, -1.000000, 0.000000, -0.000000, -0.000000, 0.000000, -0.000000, 1.000000, },
	},
	["top2"] = {
		parent = "mast2",
		inverseBindPose = { 0.000000, -0.000001, 1.000000, -28.000000, -1.000000, -0.000000, -0.000000, -18.000000, 0.000000, -1.000000, -0.000001, 0.000025, 0.000000, 0.000000, -0.000000, 1.000000, },
	},
	["top1"] = {
		parent = "mast2",
		inverseBindPose = { 0.600000, -0.000000, 0.800000, -11.599999, -0.800000, -0.000000, 0.600000, -31.200001, -0.000000, -1.000000, -0.000000, 0.000000, -0.000000, 0.000000, -0.000000, 1.000000, },
	},
	["top3"] = {
		parent = "mast2",
		inverseBindPose = { -0.600000, -0.000000, 0.800000, -33.200001, -0.800000, 0.000000, -0.600000, 2.399997, 0.000000, -1.000000, -0.000000, 0.000012, -0.000000, 0.000000, -0.000000, 1.000000, },
	},
	["sails.foremast"] = {
		parent = "Armature",
		inverseBindPose = { 1.000000, -0.000000, 0.000000, 18.000000, -0.000000, 1.000000, -0.000000, 0.000000, 0.000000, -0.000000, 1.000000, -0.000000, -0.000000, 0.000000, -0.000000, 1.000000, },
	},
}
