{
	["Armature"] = {
		inverseBindPose = { 1.000000, -0.000000, 0.000000, -2.000000, -0.000000, 1.000000, -0.000000, 0.000000, 0.000000, -0.000000, 1.000000, -0.000000, -0.000000, 0.000000, -0.000000, 1.000000, },
	},
	["root"] = {
		parent = "Armature",
		inverseBindPose = { 1.000000, -0.000000, 0.000000, -2.000000, -0.000000, 0.000000, 1.000000, 0.000000, 0.000000, -1.000000, 0.000000, -0.000000, -0.000000, 0.000000, -0.000000, 1.000000, },
	},
	["mast1"] = {
		parent = "root",
		inverseBindPose = { 1.000000, -0.000000, 0.000000, -2.000000, -0.000000, 0.000000, 1.000000, -1.000000, 0.000000, -1.000000, 0.000000, -0.000000, -0.000000, 0.000000, -0.000000, 1.000000, },
	},
	["bottom1"] = {
		parent = "mast1",
		inverseBindPose = { 0.707107, -0.000000, 0.707107, -12.727925, -0.707107, -0.000000, 0.707107, -9.899492, -0.000000, -1.000000, -0.000000, 0.000003, -0.000000, 0.000000, -0.000000, 1.000000, },
	},
	["bottom2"] = {
		parent = "mast1",
		inverseBindPose = { 0.000000, 0.000000, 1.000000, -16.000000, -1.000000, 0.000000, -0.000000, 2.000000, 0.000000, -1.000000, 0.000000, -0.000001, -0.000000, 0.000000, -0.000000, 1.000000, },
	},
	["bottom3"] = {
		parent = "mast1",
		inverseBindPose = { -0.707106, 0.000000, 0.707106, -9.899491, -0.707106, 0.000000, -0.707107, 12.727924, -0.000000, -1.000000, -0.000000, 0.000001, -0.000000, 0.000000, -0.000000, 1.000000, },
	},
	["mast2"] = {
		parent = "mast1",
		inverseBindPose = { 1.000000, -0.000000, 0.000000, -2.000000, -0.000000, 0.000000, 1.000000, -16.000000, 0.000000, -1.000000, 0.000000, -0.000000, -0.000000, 0.000000, -0.000000, 1.000000, },
	},
	["top2"] = {
		parent = "mast2",
		inverseBindPose = { 0.000000, -0.000001, 1.000000, -28.000000, -1.000000, 0.000000, -0.000000, 2.000000, 0.000000, -1.000000, -0.000001, 0.000025, 0.000000, 0.000000, -0.000000, 1.000000, },
	},
	["top1"] = {
		parent = "mast2",
		inverseBindPose = { 0.600000, -0.000000, 0.800000, -23.600000, -0.800000, -0.000000, 0.600000, -15.200001, -0.000000, -1.000000, -0.000000, 0.000001, -0.000000, 0.000000, -0.000000, 1.000000, },
	},
	["top3"] = {
		parent = "mast2",
		inverseBindPose = { -0.600000, -0.000000, 0.800000, -21.199999, -0.800000, 0.000000, -0.600000, 18.399998, 0.000000, -1.000000, -0.000000, 0.000008, -0.000000, 0.000000, -0.000000, 1.000000, },
	},
	["sails.mainmast"] = {
		parent = "Armature",
		inverseBindPose = { 1.000000, -0.000000, 0.000000, -2.000000, -0.000000, 1.000000, -0.000000, 0.000000, 0.000000, -0.000000, 1.000000, -0.000000, -0.000000, 0.000000, -0.000000, 1.000000, },
	},
}
