{
	["Armature"] = {
		inverseBindPose = { 1.000000, -0.000000, 0.000000, -0.000000, -0.000000, 1.000000, -0.000000, 0.000000, 0.000000, -0.000000, 1.000000, -0.000000, -0.000000, 0.000000, -0.000000, 1.000000, },
	},
	["root"] = {
		parent = "Armature",
		inverseBindPose = { 0.000000, 1.000000, 0.000000, -0.000000, -0.000000, 0.000000, 1.000000, 0.000000, 1.000000, -0.000000, 0.000000, -0.000000, -0.000000, 0.000000, -0.000000, 1.000000, },
	},
	["mast1"] = {
		parent = "root",
		inverseBindPose = { 0.000000, 1.000000, 0.000000, -0.000000, -0.000000, 0.000000, 1.000000, -1.000000, 1.000000, -0.000000, 0.000000, -0.000000, -0.000000, 0.000000, -0.000000, 1.000000, },
	},
	["bottom1"] = {
		parent = "mast1",
		inverseBindPose = { 0.000000, 0.707107, 0.707107, -9.192390, 0.000000, -0.707107, 0.707107, -9.192387, 1.000000, -0.000000, -0.000000, 0.000002, -0.000000, 0.000000, -0.000000, 1.000000, },
	},
	["bottom2"] = {
		parent = "mast1",
		inverseBindPose = { -0.000000, 0.000000, 1.000000, -13.000000, -0.000000, -1.000000, 0.000000, -0.000000, 1.000000, -0.000000, 0.000000, -0.000001, -0.000000, 0.000000, -0.000000, 1.000000, },
	},
	["bottom3"] = {
		parent = "mast1",
		inverseBindPose = { -0.000000, -0.707106, 0.707106, -9.192384, -0.000000, -0.707106, -0.707107, 9.192390, 1.000000, -0.000000, -0.000000, 0.000000, -0.000000, 0.000000, -0.000000, 1.000000, },
	},
	["mast2"] = {
		parent = "mast1",
		inverseBindPose = { 0.000000, 1.000000, 0.000000, -0.000000, -0.000000, 0.000000, 1.000000, -13.000000, 1.000000, -0.000000, 0.000000, -0.000000, -0.000000, 0.000000, -0.000000, 1.000000, },
	},
	["top2"] = {
		parent = "mast2",
		inverseBindPose = { 0.000001, -0.000000, 1.000000, -25.000000, -0.000000, -1.000000, -0.000000, 0.000000, 1.000000, -0.000000, -0.000001, 0.000028, -0.000000, 0.000000, -0.000000, 1.000000, },
	},
	["top1"] = {
		parent = "mast2",
		inverseBindPose = { 0.000000, 0.600000, 0.800000, -20.000000, -0.000000, -0.800000, 0.600000, -15.000001, 1.000000, -0.000000, -0.000000, 0.000000, -0.000000, 0.000000, -0.000000, 1.000000, },
	},
	["top3"] = {
		parent = "mast2",
		inverseBindPose = { 0.000001, -0.600000, 0.800000, -20.000000, -0.000000, -0.800000, -0.600000, 14.999998, 1.000000, 0.000000, -0.000000, 0.000012, -0.000000, 0.000000, -0.000000, 1.000000, },
	},
	["sails.rearmast"] = {
		parent = "Armature",
		inverseBindPose = { 1.000000, -0.000000, 0.000000, -0.000000, -0.000000, 1.000000, -0.000000, 0.000000, 0.000000, -0.000000, 1.000000, -0.000000, -0.000000, 0.000000, -0.000000, 1.000000, },
	},
}
