{
	["Armature"] = {
		inverseBindPose = { 1.000000, -0.000000, 0.000000, -0.000000, -0.000000, 1.000000, -0.000000, 0.000000, 0.000000, -0.000000, 1.000000, -0.000000, -0.000000, 0.000000, -0.000000, 1.000000, },
	},
	["root"] = {
		parent = "Armature",
		inverseBindPose = { -0.000000, 1.000000, -0.000000, -0.000000, -0.000000, 0.000000, 1.000000, 0.000000, 1.000000, 0.000000, -0.000000, -0.000000, -0.000000, 0.000000, -0.000000, 1.000000, },
	},
	["mast1"] = {
		parent = "root",
		inverseBindPose = { -0.000000, 1.000000, -0.000000, -0.000000, -0.000000, 0.000000, 1.000000, -1.000000, 1.000000, 0.000000, 0.000000, -0.000000, -0.000000, -0.000000, -0.000000, 1.000000, },
	},
	["bottom1"] = {
		parent = "mast1",
		inverseBindPose = { 0.000000, 0.707107, 0.707107, -11.313712, 0.000000, -0.707107, 0.707107, -11.313707, 1.000000, -0.000000, -0.000000, 0.000003, -0.000000, 0.000000, -0.000000, 1.000000, },
	},
	["bottom2"] = {
		parent = "mast1",
		inverseBindPose = { -0.000000, 0.000000, 1.000000, -16.000000, 0.000000, -1.000000, -0.000000, 0.000002, 1.000000, 0.000000, 0.000000, -0.000001, -0.000000, 0.000000, -0.000000, 1.000000, },
	},
	["bottom3"] = {
		parent = "mast1",
		inverseBindPose = { -0.000000, -0.707106, 0.707107, -11.313703, -0.000000, -0.707106, -0.707107, 11.313710, 1.000000, -0.000000, -0.000000, 0.000001, -0.000000, 0.000000, -0.000000, 1.000000, },
	},
	["mast2"] = {
		parent = "mast1",
		inverseBindPose = { -0.000000, 1.000000, -0.000000, -0.000000, -0.000000, 0.000000, 1.000000, -16.000000, 1.000000, 0.000000, 0.000000, -0.000000, -0.000000, -0.000000, -0.000000, 1.000000, },
	},
	["top2"] = {
		parent = "mast2",
		inverseBindPose = { 0.000001, 0.000000, 1.000000, -28.000000, 0.000000, -1.000000, -0.000000, 0.000003, 1.000000, 0.000000, -0.000001, 0.000025, -0.000000, 0.000000, -0.000000, 1.000000, },
	},
	["top1"] = {
		parent = "mast2",
		inverseBindPose = { -0.000000, 0.600000, 0.800000, -22.400000, 0.000000, -0.800000, 0.600000, -16.800003, 1.000000, 0.000000, -0.000000, 0.000001, -0.000000, 0.000000, -0.000000, 1.000000, },
	},
	["top3"] = {
		parent = "mast2",
		inverseBindPose = { 0.000000, -0.600000, 0.800000, -22.400000, 0.000000, -0.800000, -0.600000, 16.800005, 1.000000, 0.000000, -0.000000, 0.000008, -0.000000, 0.000000, -0.000000, 1.000000, },
	},
	["sails.mainmast"] = {
		parent = "Armature",
		inverseBindPose = { 1.000000, -0.000000, 0.000000, -0.000000, -0.000000, 1.000000, -0.000000, 0.000000, 0.000000, -0.000000, 1.000000, -0.000000, -0.000000, 0.000000, -0.000000, 1.000000, },
	},
}
