{
	["Armature"] = {
		inverseBindPose = { 1.000000, -0.000000, 0.000000, -0.000000, -0.000000, 0.000000, -1.000000, 0.000000, 0.000000, 1.000000, 0.000000, -0.000000, -0.000000, 0.000000, -0.000000, 1.000000, },
	},
	["trunk1"] = {
		parent = "Armature",
		inverseBindPose = { 1.000000, -0.000000, 0.000000, -0.000000, -0.000000, 1.000000, -0.000000, 0.000000, 0.000000, -0.000000, 1.000000, -0.000000, -0.000000, 0.000000, -0.000000, 1.000000, },
	},
	["trunk2"] = {
		parent = "trunk1",
		inverseBindPose = { 1.000000, -0.000000, 0.000000, -0.000000, -0.000000, 1.000000, -0.000000, -1.843750, 0.000000, -0.000000, 1.000000, -0.000000, -0.000000, 0.000000, -0.000000, 1.000000, },
	},
	["branch3"] = {
		parent = "trunk2",
		inverseBindPose = { -0.000000, 0.000000, 1.000000, -0.000000, 0.948684, 0.316228, -0.000000, -1.106797, -0.316228, 0.948683, -0.000000, -3.320391, -0.000000, 0.000000, -0.000000, 1.000000, },
	},
	["branch2"] = {
		parent = "trunk1",
		inverseBindPose = { -0.000000, -0.000000, -1.000000, 0.000001, -0.792010, 0.610508, -0.000000, -1.125624, 0.610508, 0.792010, -0.000000, -1.460269, -0.000000, -0.000000, 0.000000, 1.000000, },
	},
	["branch1"] = {
		parent = "trunk1",
		inverseBindPose = { -0.000000, 0.000000, 1.000000, -0.000000, 0.929807, 0.368049, -0.000000, -0.678590, -0.368048, 0.929807, -0.000000, -1.714331, -0.000000, 0.000000, -0.000000, 1.000000, },
	},
}
