{
	["Armature"] = {
		inverseBindPose = { 1.000000, -0.000000, 0.000000, -0.000000, -0.000000, 1.000000, -0.000000, 0.000000, 0.000000, -0.000000, 1.000000, 4.000000, -0.000000, 0.000000, -0.000000, 1.000000, },
	},
	["root"] = {
		parent = "Armature",
		inverseBindPose = { 1.000000, -0.000000, 0.000000, -0.000000, -0.000000, 0.000000, 1.000000, 4.000000, 0.000000, -1.000000, 0.000000, -0.000000, -0.000000, 0.000000, -0.000000, 1.000000, },
	},
	["body"] = {
		parent = "root",
		inverseBindPose = { 1.000000, -0.000000, 0.000000, -0.000000, -0.000000, 1.000000, -0.000000, 0.000000, 0.000000, -0.000000, 1.000000, -0.000000, -0.000000, 0.000000, -0.000000, 1.000000, },
	},
	["tail1"] = {
		parent = "body",
		inverseBindPose = { 1.000000, -0.000000, 0.000000, -0.000000, -0.000000, 1.000000, -0.000000, -4.900000, 0.000000, -0.000000, 1.000000, -0.000000, -0.000000, 0.000000, -0.000000, 1.000000, },
	},
	["tail2"] = {
		parent = "tail1",
		inverseBindPose = { 1.000000, -0.000000, 0.000000, -0.000000, -0.000000, 1.000000, -0.000000, -7.000000, 0.000000, -0.000000, 1.000000, -0.000000, -0.000000, 0.000000, -0.000000, 1.000000, },
	},
	["jaw.t"] = {
		parent = "root",
		inverseBindPose = { 1.000000, -0.000000, 0.000000, -0.000000, -0.000000, -0.965843, 0.259129, 0.000000, 0.000000, -0.259129, -0.965843, -0.000000, -0.000000, 0.000000, -0.000000, 1.000000, },
	},
	["jaw.b"] = {
		parent = "root",
		inverseBindPose = { 1.000000, -0.000000, 0.000000, -0.000000, -0.000000, -0.961524, -0.274721, 0.000000, 0.000000, 0.274721, -0.961524, -0.000000, -0.000000, 0.000000, -0.000000, 1.000000, },
	},
	["Bone.004"] = {
		parent = "root",
		inverseBindPose = { 1.000000, 0.000000, 0.000000, -0.000000, -0.000000, -0.518978, 0.854788, 0.000000, 0.000000, -0.854788, -0.518978, -0.000000, -0.000000, 0.000000, -0.000000, 1.000000, },
	},
	["angler1"] = {
		parent = "Bone.004",
		inverseBindPose = { 1.000000, 0.000000, 0.000000, 0.000000, 0.000000, 0.000000, 1.000000, -2.800000, 0.000000, -1.000000, 0.000000, -1.700000, -0.000000, 0.000000, -0.000000, 1.000000, },
	},
	["angler2"] = {
		parent = "angler1",
		inverseBindPose = { 1.000000, 0.000000, 0.000000, 0.000000, 0.000000, 0.000000, 1.000000, -5.000000, 0.000000, -1.000000, 0.000000, -1.700000, -0.000000, 0.000000, -0.000000, 1.000000, },
	},
	["Bone.009"] = {
		parent = "root",
		inverseBindPose = { 0.000000, -0.000000, -1.000000, -0.000000, 1.000000, 0.000000, -0.000000, 0.000000, 0.000000, -1.000000, 0.000000, -0.000000, -0.000000, 0.000000, -0.000000, 1.000000, },
	},
	["fin1.l"] = {
		parent = "Bone.009",
		inverseBindPose = { 0.000000, -0.000000, -1.000000, -0.000000, 1.000000, 0.000000, -0.000000, -3.200000, 0.000000, -1.000000, 0.000000, -0.000000, -0.000000, 0.000000, -0.000000, 1.000000, },
	},
	["fin2.l"] = {
		parent = "fin1.l",
		inverseBindPose = { 0.000000, -0.000000, -1.000000, -0.000000, 1.000000, 0.000000, -0.000000, -5.000000, 0.000000, -1.000000, 0.000000, -0.000000, -0.000000, 0.000000, -0.000000, 1.000000, },
	},
	["Bone.012"] = {
		parent = "root",
		inverseBindPose = { 0.000000, 0.000000, 1.000000, -0.000000, -1.000000, 0.000000, -0.000000, 0.000000, 0.000000, -1.000000, 0.000000, -0.000000, -0.000000, 0.000000, -0.000000, 1.000000, },
	},
	["fin1.r"] = {
		parent = "Bone.012",
		inverseBindPose = { 0.000000, 0.000000, 1.000000, -0.000000, -1.000000, 0.000000, 0.000000, -3.200000, 0.000000, -1.000000, 0.000000, -0.000000, -0.000000, 0.000000, -0.000000, 1.000000, },
	},
	["fin2.r"] = {
		parent = "fin1.r",
		inverseBindPose = { 0.000000, 0.000000, 1.000000, -0.000000, -1.000000, 0.000000, 0.000000, -5.000000, 0.000000, -1.000000, 0.000000, -0.000000, -0.000000, 0.000000, -0.000000, 1.000000, },
	},
	["Cube"] = {
		parent = "Armature",
		inverseBindPose = { 1.000000, -0.000000, 0.000000, -0.000000, -0.000000, 1.000000, -0.000000, 0.000000, 0.000000, -0.000000, 1.000000, 4.000000, -0.000000, 0.000000, -0.000000, 1.000000, },
	},
}
