{
	["Armature"] = {
		inverseBindPose = { 1.000000, -0.000000, 0.000000, -0.000000, -0.000000, 0.000000, -1.000000, 0.000000, 0.000000, 1.000000, 0.000000, -0.000000, -0.000000, 0.000000, -0.000000, 1.000000, },
	},
	["root"] = {
		parent = "Armature",
		inverseBindPose = { 1.000000, -0.000001, 0.000000, 0.000000, -0.000000, 0.000000, 1.000000, 1.500000, -0.000001, -1.000000, 0.000000, 0.587872, -0.000000, 0.000000, -0.000000, 1.000000, },
	},
	["spine1"] = {
		parent = "root",
		inverseBindPose = { -1.000000, -0.000000, 0.000000, 0.000000, -0.000000, 0.000000, 1.000000, 1.000000, 0.000000, 1.000000, 0.000000, -0.587872, -0.000000, 0.000000, -0.000000, 1.000000, },
	},
	["spine2"] = {
		parent = "spine1",
		inverseBindPose = { -1.000000, -0.000000, 0.000000, 0.000000, -0.000000, 0.000000, 1.000000, 0.732986, 0.000000, 1.000000, 0.000000, -0.587872, -0.000000, 0.000000, -0.000000, 1.000000, },
	},
	["spine3"] = {
		parent = "spine2",
		inverseBindPose = { -1.000000, -0.000000, 0.000000, 0.000000, -0.000000, 0.000000, 1.000000, 0.266890, 0.000000, 1.000000, 0.000000, -0.587872, -0.000000, 0.000000, -0.000000, 1.000000, },
	},
	["leg.left-front-1"] = {
		parent = "spine3",
		inverseBindPose = { 0.000000, 0.000000, 1.000000, -0.206294, 0.866186, -0.499723, 0.000000, 0.293773, 0.499723, 0.866186, 0.000000, -0.509206, -0.000000, 0.000000, -0.000000, 1.000000, },
	},
	["leg.left-front-2"] = {
		parent = "leg.left-front-1",
		inverseBindPose = { 0.000000, 0.000000, 1.000000, -0.206294, 0.371391, -0.928477, 0.000000, -0.191153, 0.928477, 0.371391, -0.000000, -0.798628, -0.000000, 0.000000, -0.000000, 1.000000, },
	},
	["leg.right-front-1"] = {
		parent = "spine3",
		inverseBindPose = { 0.000000, -0.000000, -1.000000, 0.206294, -0.836970, -0.547249, 0.000000, 0.321713, -0.547249, 0.836970, -0.000000, -0.492031, 0.000000, 0.000000, 0.000000, 1.000000, },
	},
	["leg.right-front-2"] = {
		parent = "leg.right-front-1",
		inverseBindPose = { 0.000000, -0.000000, -1.000000, 0.206294, -0.485643, -0.874157, 0.000000, -0.345088, -0.874157, 0.485643, -0.000000, -0.737751, 0.000000, 0.000000, 0.000000, 1.000000, },
	},
	["neck"] = {
		parent = "spine3",
		inverseBindPose = { -1.000000, 0.000000, -0.000000, -0.000000, -0.000000, 0.546268, 0.837611, -0.493929, 0.000000, 0.837611, -0.546268, -0.379716, -0.000000, 0.000000, -0.000000, 1.000000, },
	},
	["head"] = {
		parent = "neck",
		inverseBindPose = { -1.000000, 0.000000, 0.000000, -0.000000, -0.000000, -0.650791, 0.759257, -0.014705, 0.000000, 0.759257, 0.650791, -1.404258, -0.000000, 0.000000, -0.000000, 1.000000, },
	},
	["wing.right"] = {
		parent = "spine3",
		inverseBindPose = { 0.973328, 0.162221, -0.162221, -0.061900, -0.229416, 0.688247, -0.688247, -0.262620, -0.000000, 0.707107, 0.707107, -0.561560, -0.000000, 0.000000, -0.000000, 1.000000, },
	},
	["wing.left"] = {
		parent = "spine3",
		inverseBindPose = { 0.973328, -0.162221, 0.162221, 0.061900, 0.229416, 0.688247, -0.688247, -0.262620, 0.000000, 0.707107, 0.707107, -0.561560, -0.000000, 0.000000, -0.000000, 1.000000, },
	},
	["leg.left-middle-1"] = {
		parent = "spine2",
		inverseBindPose = { 0.000000, 0.000000, 1.000000, 0.266890, 0.866186, -0.499723, 0.000000, 0.293773, 0.499723, 0.866186, 0.000000, -0.509206, -0.000000, 0.000000, -0.000000, 1.000000, },
	},
	["leg.left-middle-2"] = {
		parent = "leg.left-middle-1",
		inverseBindPose = { 0.000000, 0.000000, 1.000000, 0.266890, 0.371391, -0.928477, 0.000000, -0.191153, 0.928477, 0.371391, -0.000000, -0.798628, -0.000000, 0.000000, -0.000000, 1.000000, },
	},
	["leg.right-middle-1"] = {
		parent = "spine2",
		inverseBindPose = { 0.000000, -0.000000, -1.000000, -0.266890, -0.836970, -0.547249, 0.000000, 0.321713, -0.547249, 0.836970, -0.000000, -0.492031, 0.000000, 0.000000, 0.000000, 1.000000, },
	},
	["leg.right-middle-2"] = {
		parent = "leg.right-middle-1",
		inverseBindPose = { 0.000000, -0.000000, -1.000000, -0.266890, -0.485643, -0.874157, 0.000000, -0.345088, -0.874157, 0.485643, -0.000000, -0.737751, 0.000000, 0.000000, 0.000000, 1.000000, },
	},
	["leg.left-rear-1"] = {
		parent = "spine1",
		inverseBindPose = { 0.000000, 0.000000, 1.000000, 0.732986, 0.866186, -0.499723, 0.000000, 0.293773, 0.499723, 0.866186, 0.000000, -0.509206, -0.000000, 0.000000, -0.000000, 1.000000, },
	},
	["leg.left-rear-2"] = {
		parent = "leg.left-rear-1",
		inverseBindPose = { 0.000000, 0.000000, 1.000000, 0.732986, 0.371391, -0.928477, 0.000000, -0.191153, 0.928477, 0.371391, -0.000000, -0.798628, -0.000000, 0.000000, -0.000000, 1.000000, },
	},
	["leg.right-rear-1"] = {
		parent = "spine1",
		inverseBindPose = { 0.000000, -0.000000, -1.000000, -0.732986, -0.836970, -0.547249, 0.000000, 0.321713, -0.547249, 0.836970, -0.000000, -0.492031, 0.000000, 0.000000, 0.000000, 1.000000, },
	},
	["leg.right-rear-2"] = {
		parent = "leg.right-rear-1",
		inverseBindPose = { 0.000000, -0.000000, -1.000000, -0.732986, -0.485643, -0.874157, 0.000000, -0.345088, -0.874157, 0.485643, -0.000000, -0.737751, 0.000000, 0.000000, 0.000000, 1.000000, },
	},
}
