{
	["Armature"] = {
		inverseBindPose = { 1.000000, -0.000000, 0.000000, -0.000000, -0.000000, 0.000000, -1.000000, 0.000000, 0.000000, 1.000000, 0.000000, -0.000000, -0.000000, 0.000000, -0.000000, 1.000000, },
	},
	["root"] = {
		parent = "Armature",
		inverseBindPose = { 1.000000, -0.000000, 0.000000, -0.000000, -0.000000, 1.000000, -0.000000, 0.000000, 0.000000, -0.000000, 1.000000, -0.000000, -0.000000, 0.000000, -0.000000, 1.000000, },
	},
	["hip.r"] = {
		parent = "root",
		inverseBindPose = { 0.000000, 0.000000, -1.000000, -0.000000, -0.965616, -0.259973, 0.000000, 0.036687, -0.259973, 0.965616, 0.000000, -0.136265, -0.000000, 0.000000, -0.000000, 1.000000, },
	},
	["foot.r"] = {
		parent = "hip.r",
		inverseBindPose = { 0.000001, -0.000000, 1.000000, 0.000000, 0.236352, -0.971668, -0.000000, 0.133841, 0.971667, 0.236352, -0.000001, 0.101061, -0.000000, 0.000000, -0.000000, 1.000000, },
	},
	["hip.l"] = {
		parent = "root",
		inverseBindPose = { -0.000000, -0.000000, 1.000000, 0.000000, 0.868243, -0.496139, 0.000000, 0.070014, 0.496139, 0.868243, 0.000000, -0.122524, -0.000000, 0.000000, -0.000000, 1.000000, },
	},
	["foot.l"] = {
		parent = "hip.l",
		inverseBindPose = { 0.000001, 0.000000, 1.000000, -0.000000, 0.171341, -0.985212, 0.000000, 0.100529, 0.985212, 0.171341, -0.000001, -0.070702, -0.000000, 0.000000, -0.000000, 1.000000, },
	},
	["body"] = {
		parent = "root",
		inverseBindPose = { -0.000001, 0.000000, 1.000000, -0.000000, 0.196116, 0.980581, 0.000000, -0.138377, -0.980581, 0.196116, -0.000001, -0.027675, -0.000000, -0.000000, -0.000000, 1.000000, },
	},
	["neck"] = {
		parent = "body",
		inverseBindPose = { -0.000001, 0.000000, 1.000000, -0.000000, 0.287348, 0.957826, 0.000000, -0.363311, -0.957826, 0.287348, -0.000001, -0.062073, -0.000000, -0.000000, -0.000000, 1.000000, },
	},
	["head"] = {
		parent = "neck",
		inverseBindPose = { -0.000001, 0.000000, 1.000000, 0.000000, 0.137568, 0.990492, 0.000000, -0.445811, -0.990492, 0.137568, -0.000001, 0.006141, -0.000000, -0.000000, -0.000000, 1.000000, },
	},
	["shoulder.r"] = {
		parent = "body",
		inverseBindPose = { 0.000000, -0.000000, -1.000000, 0.000000, -0.752577, -0.658505, -0.000000, 0.274720, -0.658505, 0.752577, -0.000000, -0.245718, -0.000000, 0.000000, 0.000000, 1.000000, },
	},
	["wing.r"] = {
		parent = "shoulder.r",
		inverseBindPose = { 0.000000, 0.000000, -1.000000, -0.000000, -0.920444, -0.390874, -0.000000, 0.083492, -0.390874, 0.920445, 0.000000, -0.286037, -0.000000, -0.000000, 0.000000, 1.000000, },
	},
	["shoulder.l"] = {
		parent = "body",
		inverseBindPose = { 0.000000, -0.000000, -1.000000, 0.000000, -0.752577, -0.658505, -0.000000, 0.274720, -0.658505, 0.752577, -0.000000, -0.245718, -0.000000, 0.000000, 0.000000, 1.000000, },
	},
	["wing.l"] = {
		parent = "shoulder.l",
		inverseBindPose = { 0.000000, -0.000000, -1.000000, 0.000000, -0.922338, -0.386385, -0.000000, 0.082098, -0.386385, 0.922338, -0.000000, -0.286441, -0.000000, 0.000000, 0.000000, 1.000000, },
	},
	["tail"] = {
		parent = "root",
		inverseBindPose = { -0.000000, -0.000000, -1.000000, 0.000000, -0.798685, 0.601749, 0.000000, -0.084917, 0.601749, 0.798685, -0.000000, -0.112709, -0.000000, -0.000000, 0.000000, 1.000000, },
	},
	["feather1"] = {
		parent = "tail",
		inverseBindPose = { -0.000001, -0.000000, -1.000000, -0.000000, -0.210556, 0.977582, 0.000000, -0.310573, 0.977582, 0.210556, -0.000001, 0.119550, -0.000000, -0.000000, 0.000000, 1.000000, },
	},
	["feather2"] = {
		parent = "tail",
		inverseBindPose = { -0.000000, -0.000000, -1.000000, 0.000000, -0.820127, 0.572181, 0.000000, -0.308796, 0.572182, 0.820127, -0.000000, -0.124068, -0.000000, -0.000000, 0.000000, 1.000000, },
	},
	["feather3"] = {
		parent = "tail",
		inverseBindPose = { 0.000000, 0.000000, -1.000000, -0.000000, -0.962788, -0.270256, -0.000000, -0.100231, -0.270256, 0.962788, 0.000000, -0.317336, -0.000000, 0.000000, -0.000000, 1.000000, },
	},
}
