{
	["Armature"] = {
		inverseBindPose = { 1.000000, -0.000000, 0.000000, -0.000000, -0.000000, 0.000000, -1.000000, 0.000000, 0.000000, 1.000000, 0.000000, -0.000000, -0.000000, 0.000000, -0.000000, 1.000000, },
	},
	["root"] = {
		parent = "Armature",
		inverseBindPose = { 1.000000, -0.000000, 0.000000, -0.000000, -0.000000, 1.000000, -0.000000, 0.000000, 0.000000, -0.000000, 1.000000, -0.000000, -0.000000, 0.000000, -0.000000, 1.000000, },
	},
	["leg.tr"] = {
		parent = "root",
		inverseBindPose = { 0.000000, -0.000000, -1.000000, 0.000000, -1.000000, 0.000000, -0.000000, 0.000000, 0.000000, 1.000000, -0.000000, -3.000000, -0.000000, 0.000000, -0.000000, 1.000000, },
	},
	["leg.br"] = {
		parent = "leg.tr",
		inverseBindPose = { -0.000000, 0.000000, -1.000000, -0.000000, -0.514496, -0.857493, -0.000000, 1.543487, -0.857493, 0.514496, 0.000000, -3.258473, -0.000000, 0.000000, -0.000000, 1.000000, },
	},
	["foot.r"] = {
		parent = "leg.br",
		inverseBindPose = { -0.000000, 0.000000, -1.000000, -0.000000, -1.000000, -0.000000, 0.000000, -3.500000, -0.000000, 1.000000, 0.000000, -0.500000, -0.000000, 0.000000, -0.000000, 1.000000, },
	},
	["leg.tl"] = {
		parent = "root",
		inverseBindPose = { 0.000000, 0.000000, 1.000000, -0.000000, 1.000000, 0.000000, -0.000000, 0.000000, 0.000000, 1.000000, -0.000000, -3.000000, -0.000000, 0.000000, -0.000000, 1.000000, },
	},
	["leg.bl"] = {
		parent = "leg.tl",
		inverseBindPose = { -0.000000, -0.000000, 1.000000, 0.000001, 0.371391, -0.928477, 0.000000, 2.042649, 0.928477, 0.371391, 0.000000, -2.971125, -0.000000, 0.000000, -0.000000, 1.000000, },
	},
	["foot.l"] = {
		parent = "leg.bl",
		inverseBindPose = { -0.000000, 0.000000, 1.000000, 0.000000, 1.000000, -0.000000, -0.000000, -3.000000, -0.000000, 1.000000, -0.000000, -0.500000, -0.000000, 0.000000, -0.000000, 1.000000, },
	},
	["body"] = {
		parent = "root",
		inverseBindPose = { 1.000000, -0.000000, 0.000000, -0.000000, -0.000000, 1.000000, -0.000000, -3.000000, 0.000000, -0.000000, 1.000000, -0.000000, -0.000000, 0.000000, -0.000000, 1.000000, },
	},
	["head"] = {
		parent = "body",
		inverseBindPose = { 1.000000, -0.000000, 0.000000, -0.000000, -0.000000, 1.000000, -0.000000, -13.000000, 0.000000, -0.000000, 1.000000, -0.000000, -0.000000, 0.000000, -0.000000, 1.000000, },
	},
	["tentacle.t"] = {
		parent = "body",
		inverseBindPose = { 1.000000, -0.000000, -0.000000, -0.000000, -0.000000, -1.000000, -0.000000, 13.000000, -0.000000, -0.000000, -1.000000, 0.000000, -0.000000, 0.000000, -0.000000, 1.000000, },
	},
	["tentacle.b"] = {
		parent = "tentacle.t",
		inverseBindPose = { 1.000000, -0.000000, 0.000000, -0.000000, -0.000000, -1.000000, -0.000000, 10.000001, 0.000000, -0.000000, -1.000000, -0.000000, -0.000000, 0.000000, -0.000000, 1.000000, },
	},
	["wing.bl"] = {
		parent = "body",
		inverseBindPose = { -0.000000, 0.000000, 1.000000, -0.000002, 0.904819, 0.425797, 0.000000, -5.535361, -0.425797, 0.904819, -0.000000, -11.762643, -0.000000, -0.000000, -0.000000, 1.000000, },
	},
	["wing.tl"] = {
		parent = "wing.bl",
		inverseBindPose = { 0.000000, -0.000000, 1.000000, 0.000001, 0.984784, 0.173785, 0.000000, -11.325013, -0.173785, 0.984784, 0.000000, -15.264149, -0.000000, 0.000000, -0.000000, 1.000000, },
	},
	["wing.br"] = {
		parent = "body",
		inverseBindPose = { 0.000000, 0.000000, -1.000000, -0.000001, -0.913812, 0.406138, -0.000000, -5.279800, 0.406138, 0.913812, 0.000000, -11.879550, -0.000000, 0.000000, -0.000000, 1.000000, },
	},
	["wing.tr"] = {
		parent = "wing.br",
		inverseBindPose = { 0.000000, 0.000000, -1.000000, -0.000002, -0.973417, 0.229039, -0.000000, -12.654424, 0.229039, 0.973417, 0.000000, -14.486739, -0.000000, 0.000000, -0.000000, 1.000000, },
	},
	["shoulder.r"] = {
		parent = "body",
		inverseBindPose = { 0.000000, -0.000000, -1.000000, 0.000001, -1.000000, 0.000000, -0.000000, 0.000000, 0.000000, 1.000000, -0.000000, -13.000000, -0.000000, 0.000000, -0.000000, 1.000000, },
	},
	["arm.r"] = {
		parent = "shoulder.r",
		inverseBindPose = { 0.000000, 0.000000, -1.000000, -0.000000, -1.000000, 0.000000, -0.000000, -7.000000, 0.000000, 1.000000, 0.000000, -13.000001, -0.000000, 0.000000, -0.000000, 1.000000, },
	},
	["hand.r"] = {
		parent = "arm.r",
		inverseBindPose = { 0.000000, 0.000000, -1.000000, -0.000000, -1.000000, 0.000000, -0.000000, -12.000004, 0.000000, 1.000000, 0.000000, -12.999997, -0.000000, 0.000000, -0.000000, 1.000000, },
	},
	["shoulder.l"] = {
		parent = "body",
		inverseBindPose = { 0.000000, 0.000000, 1.000000, -0.000001, 1.000000, 0.000000, -0.000000, 0.000000, 0.000000, 1.000000, -0.000000, -13.000000, -0.000000, 0.000000, -0.000000, 1.000000, },
	},
	["arm.l"] = {
		parent = "shoulder.l",
		inverseBindPose = { 0.000000, -0.000000, 1.000000, 0.000000, 1.000000, 0.000000, -0.000000, -5.500000, 0.000000, 1.000000, 0.000000, -13.000001, -0.000000, 0.000000, -0.000000, 1.000000, },
	},
	["hand.l"] = {
		parent = "arm.l",
		inverseBindPose = { 0.000000, -0.000000, 1.000000, 0.000000, 1.000000, 0.000000, -0.000000, -10.000002, 0.000000, 1.000000, 0.000000, -13.000003, -0.000000, 0.000000, -0.000000, 1.000000, },
	},
}
