{
	["Armature"] = {
		inverseBindPose = { 1.000000, -0.000000, 0.000000, -0.000000, -0.000000, 1.000000, -0.000000, 0.000000, 0.000000, -0.000000, 1.000000, -0.000000, -0.000000, 0.000000, -0.000000, 1.000000, },
	},
	["root"] = {
		parent = "Armature",
		inverseBindPose = { 1.000000, -0.000000, 0.000000, -0.000000, -0.000000, 0.000000, 1.000000, 0.000000, 0.000000, -1.000000, 0.000000, -0.000000, -0.000000, 0.000000, -0.000000, 1.000000, },
	},
	["support1"] = {
		parent = "root",
		inverseBindPose = { 1.000000, -0.000000, 0.000000, -0.000000, -0.000000, 0.000000, 1.000000, -1.000000, 0.000000, -1.000000, 0.000000, -0.000000, -0.000000, 0.000000, -0.000000, 1.000000, },
	},
	["hip.l"] = {
		parent = "support1",
		inverseBindPose = { 0.000000, -0.000000, -1.000000, 11.000000, 1.000000, 0.000000, -0.000000, 0.000000, 0.000000, -1.000000, 0.000000, -0.000001, -0.000000, 0.000000, -0.000000, 1.000000, },
	},
	["thigh.left"] = {
		parent = "hip.l",
		inverseBindPose = { -1.000000, -0.000000, 0.000000, 4.000000, -0.000000, -0.000000, -1.000000, 11.000000, 0.000000, -1.000000, 0.000000, -0.000001, -0.000000, 0.000000, -0.000000, 1.000000, },
	},
	["calf.l"] = {
		parent = "thigh.left",
		inverseBindPose = { -1.000000, -0.000000, 0.000000, 4.000000, -0.000000, -0.000000, -1.000000, 4.000000, 0.000000, -1.000000, 0.000000, -0.000001, -0.000000, 0.000000, -0.000000, 1.000000, },
	},
	["foot.l"] = {
		parent = "calf.l",
		inverseBindPose = { -0.996109, -0.062257, -0.062378, 3.984436, 0.062378, -0.998052, 0.000000, -0.249513, -0.062256, -0.003891, 0.998053, 0.249026, -0.000000, 0.000000, -0.000000, 1.000000, },
	},
	["body"] = {
		parent = "support1",
		inverseBindPose = { 1.000000, -0.000000, 0.000000, -0.000000, -0.000000, 0.000000, 1.000000, -11.000000, 0.000000, -1.000000, 0.000000, -0.000000, -0.000000, 0.000000, -0.000000, 1.000000, },
	},
	["wing1.l"] = {
		parent = "body",
		inverseBindPose = { 0.693712, 0.000001, -0.720253, 15.125304, 0.720253, -0.000000, 0.693712, -14.567949, 0.000000, -1.000000, -0.000000, 0.000009, -0.000000, 0.000000, -0.000000, 1.000000, },
	},
	["wing2.l"] = {
		parent = "wing1.l",
		inverseBindPose = { 0.685221, 0.000000, -0.728336, 15.498916, 0.728336, 0.000000, 0.685221, -31.778708, 0.000000, -1.000000, -0.000000, -0.000001, -0.000000, 0.000000, -0.000000, 1.000000, },
	},
	["wing3.l"] = {
		parent = "wing2.l",
		inverseBindPose = { 0.532965, -0.000000, -0.846137, 22.483089, 0.846137, 0.000000, 0.532965, -34.275082, -0.000000, -1.000000, 0.000000, -0.000005, -0.000000, 0.000000, -0.000000, 1.000000, },
	},
	["shoulder.l"] = {
		parent = "body",
		inverseBindPose = { 0.337838, 0.472973, -0.813733, 17.088400, 0.813733, -0.581238, 0.000000, -0.000002, -0.472973, -0.662162, -0.581238, 12.206005, -0.000000, 0.000000, -0.000000, 1.000000, },
	},
	["arm.l"] = {
		parent = "shoulder.l",
		inverseBindPose = { 0.410997, 0.410997, -0.813733, 16.266405, 0.707107, -0.707107, 0.000000, -8.485283, -0.575396, -0.575396, -0.581238, 13.356796, -0.000000, 0.000000, -0.000000, 1.000000, },
	},
	["hand.l"] = {
		parent = "arm.l",
		inverseBindPose = { 0.410997, 0.410998, -0.813733, 16.266407, 0.707107, -0.707107, 0.000000, -12.727924, -0.575396, -0.575396, -0.581238, 13.356798, -0.000000, 0.000000, -0.000000, 1.000000, },
	},
	["neck"] = {
		parent = "body",
		inverseBindPose = { 1.000000, -0.000000, 0.000000, -0.000000, -0.000000, 0.000000, 1.000000, -21.000000, 0.000000, -1.000000, 0.000000, -0.000000, -0.000000, 0.000000, -0.000000, 1.000000, },
	},
	["head"] = {
		parent = "neck",
		inverseBindPose = { 1.000000, -0.000000, 0.000000, -0.000000, -0.000000, 0.000000, 1.000000, -23.000000, 0.000000, -1.000000, 0.000000, -0.000000, -0.000000, 0.000000, -0.000000, 1.000000, },
	},
	["eye.left"] = {
		parent = "head",
		inverseBindPose = { 0.334410, 0.000000, -0.942428, 28.272835, 0.942428, -0.000000, 0.334410, -10.032291, 0.000000, -1.000000, -0.000000, 0.000005, -0.000000, 0.000000, -0.000000, 1.000000, },
	},
	["eye.top.left"] = {
		parent = "eye.left",
		inverseBindPose = { 0.978106, 0.000000, 0.208108, -9.607641, -0.208108, -0.000000, 0.978106, -29.787611, 0.000000, -1.000000, -0.000000, 0.000003, -0.000000, 0.000000, -0.000000, 1.000000, },
	},
	["eye.right"] = {
		parent = "head",
		inverseBindPose = { 0.334410, -0.000000, 0.942428, -28.272835, -0.942428, -0.000000, 0.334410, -10.032291, -0.000000, -1.000000, -0.000000, 0.000005, -0.000000, 0.000000, -0.000000, 1.000000, },
	},
	["eye.top.right"] = {
		parent = "eye.right",
		inverseBindPose = { 0.978106, -0.000000, -0.208108, 9.607641, 0.208108, -0.000000, 0.978106, -29.787611, -0.000000, -1.000000, -0.000000, 0.000003, -0.000000, 0.000000, -0.000000, 1.000000, },
	},
	["head.top"] = {
		parent = "head",
		inverseBindPose = { 1.000000, -0.000000, 0.000000, -0.000000, -0.000000, 0.707107, 0.707107, -21.213203, 0.000000, -0.707107, 0.707107, -21.213203, -0.000000, 0.000000, -0.000000, 1.000000, },
	},
	["mouth"] = {
		parent = "neck",
		inverseBindPose = { 1.000000, 0.000000, 0.000000, -0.000005, -0.000000, -0.961524, 0.274721, -6.318581, 0.000000, -0.274721, -0.961524, 22.115051, -0.000000, 0.000000, -0.000000, 1.000000, },
	},
	["beak"] = {
		parent = "mouth",
		inverseBindPose = { 1.000000, -0.000000, 0.000000, -0.000005, 0.000000, -0.747410, -0.664363, 13.719101, 0.000000, 0.664363, -0.747410, 19.648569, -0.000000, 0.000000, -0.000000, 1.000000, },
	},
	["inner-tentacle1.l"] = {
		parent = "mouth",
		inverseBindPose = { 0.887946, 0.374956, 0.266384, -5.290059, 0.287348, -0.000000, -0.957826, 22.796267, -0.359142, 0.927043, -0.107743, 5.159997, -0.000000, 0.000000, -0.000000, 1.000000, },
	},
	["inner-tentacle2.l"] = {
		parent = "inner-tentacle1.l",
		inverseBindPose = { 0.916263, 0.374956, 0.140964, -2.438972, 0.152057, -0.000000, -0.988372, 22.489258, -0.370596, 0.927043, -0.057015, 4.006835, -0.000000, 0.000000, -0.000000, 1.000000, },
	},
	["inner-tentacle3.l"] = {
		parent = "inner-tentacle2.l",
		inverseBindPose = { 0.926111, 0.374956, 0.041539, -0.437493, 0.044808, -0.000000, -0.998996, 20.148344, -0.374579, 0.927043, -0.016801, 3.197308, -0.000000, 0.000000, -0.000000, 1.000000, },
	},
	["inner-tentacle4.l"] = {
		parent = "inner-tentacle3.l",
		inverseBindPose = { 0.949459, 0.309569, 0.051897, -0.824639, 0.054578, -0.000000, -0.998509, 17.818508, -0.309107, 0.950877, -0.016896, 3.213120, -0.000000, 0.000000, -0.000000, 1.000000, },
	},
	["inner-tentacle2.r"] = {
		parent = "inner-tentacle1.l",
		inverseBindPose = { 0.919919, -0.169009, -0.353815, 7.317779, -0.358979, -0.000000, -0.933346, 21.387976, 0.157744, 0.985615, -0.060671, 4.095691, -0.000000, 0.000000, -0.000000, 1.000000, },
	},
	["inner-tentacle3.r"] = {
		parent = "inner-tentacle2.r",
		inverseBindPose = { 0.926112, -0.374956, -0.041539, 0.437488, -0.044808, -0.000000, -0.998996, 20.148346, 0.374579, 0.927043, -0.016801, 3.197306, -0.000000, 0.000000, -0.000000, 1.000000, },
	},
	["inner-tentacle4.r"] = {
		parent = "inner-tentacle3.r",
		inverseBindPose = { 0.949460, -0.309569, -0.051897, 0.824635, -0.054578, -0.000000, -0.998510, 17.818512, 0.309107, 0.950877, -0.016896, 3.213119, -0.000000, 0.000000, -0.000000, 1.000000, },
	},
	["outer-tentacle1.l"] = {
		parent = "mouth",
		inverseBindPose = { 0.630964, 0.570026, 0.526264, -10.929017, 0.634359, 0.011439, -0.772954, 18.428337, -0.446624, 0.821547, -0.354384, 10.734668, -0.000000, 0.000000, -0.000000, 1.000000, },
	},
	["outer-tentacle2.l"] = {
		parent = "outer-tentacle1.l",
		inverseBindPose = { 0.772341, 0.569982, 0.280376, -5.747355, 0.347775, -0.010074, -0.937524, 20.019955, -0.531547, 0.821596, -0.206006, 7.607324, -0.000000, 0.000000, -0.000000, 1.000000, },
	},
	["outer-tentacle3.l"] = {
		parent = "outer-tentacle2.l",
		inverseBindPose = { 0.820643, 0.570087, 0.039312, -1.190354, 0.047849, 0.000000, -0.998854, 19.256458, -0.569434, 0.821584, -0.027278, 4.234016, -0.000000, 0.000000, -0.000000, 1.000000, },
	},
	["outer-tentacle4.l"] = {
		parent = "outer-tentacle3.l",
		inverseBindPose = { 0.785988, 0.570087, 0.239214, -4.400797, 0.291162, 0.000000, -0.956674, 15.037899, -0.545387, 0.821584, -0.165987, 6.461701, -0.000000, 0.000000, -0.000000, 1.000000, },
	},
	["outer-tentacle1.r"] = {
		parent = "mouth",
		inverseBindPose = { 0.630964, -0.570026, -0.526264, 10.929018, -0.634359, 0.011439, -0.772954, 18.428335, 0.446624, 0.821547, -0.354384, 10.734669, -0.000000, 0.000000, -0.000000, 1.000000, },
	},
	["outer-tentacle2.r"] = {
		parent = "outer-tentacle1.r",
		inverseBindPose = { 0.772341, -0.569982, -0.280376, 5.747355, -0.347775, -0.010074, -0.937524, 20.019957, 0.531547, 0.821596, -0.206006, 7.607326, -0.000000, 0.000000, -0.000000, 1.000000, },
	},
	["outer-tentacle3.r"] = {
		parent = "outer-tentacle2.r",
		inverseBindPose = { 0.820643, -0.570087, -0.039312, 1.190354, -0.047849, -0.000000, -0.998855, 19.256460, 0.569434, 0.821584, -0.027278, 4.234018, -0.000000, 0.000000, -0.000000, 1.000000, },
	},
	["outer-tentacle4.r"] = {
		parent = "outer-tentacle3.r",
		inverseBindPose = { 0.785988, -0.570087, -0.239214, 4.400796, -0.291162, -0.000000, -0.956674, 15.037902, 0.545388, 0.821584, -0.165987, 6.461704, -0.000000, 0.000000, -0.000000, 1.000000, },
	},
	["inner-tentacle1.r"] = {
		parent = "mouth",
		inverseBindPose = { 0.887946, -0.374956, -0.266384, 5.290059, -0.287348, -0.000000, -0.957826, 22.796267, 0.359142, 0.927043, -0.107743, 5.159997, -0.000000, 0.000000, -0.000000, 1.000000, },
	},
	["wing1.r"] = {
		parent = "body",
		inverseBindPose = { 0.693712, -0.000001, 0.720253, -15.125304, -0.720253, -0.000000, 0.693712, -14.567949, -0.000000, -1.000000, -0.000000, 0.000009, -0.000000, 0.000000, -0.000000, 1.000000, },
	},
	["wing2.r"] = {
		parent = "wing1.r",
		inverseBindPose = { 0.685221, -0.000000, 0.728336, -15.498916, -0.728336, 0.000000, 0.685221, -31.778708, -0.000000, -1.000000, -0.000000, -0.000001, 0.000000, 0.000000, -0.000000, 1.000000, },
	},
	["wing3.r"] = {
		parent = "wing2.r",
		inverseBindPose = { 0.532965, 0.000000, 0.846137, -22.483089, -0.846137, 0.000000, 0.532965, -34.275082, 0.000000, -1.000000, 0.000000, -0.000005, -0.000000, 0.000000, -0.000000, 1.000000, },
	},
	["shoulder.r"] = {
		parent = "body",
		inverseBindPose = { 0.337838, -0.472973, 0.813733, -17.088400, -0.813733, -0.581238, 0.000000, -0.000002, 0.472973, -0.662162, -0.581238, 12.206005, -0.000000, 0.000000, -0.000000, 1.000000, },
	},
	["arm.r"] = {
		parent = "shoulder.r",
		inverseBindPose = { 0.410997, -0.410997, 0.813733, -16.266405, -0.707107, -0.707107, 0.000000, -8.485283, 0.575396, -0.575396, -0.581238, 13.356796, -0.000000, 0.000000, -0.000000, 1.000000, },
	},
	["hand.r"] = {
		parent = "arm.r",
		inverseBindPose = { 0.410997, -0.410998, 0.813733, -16.266407, -0.707107, -0.707107, 0.000000, -12.727924, 0.575396, -0.575396, -0.581238, 13.356798, -0.000000, 0.000000, -0.000000, 1.000000, },
	},
	["hip.r"] = {
		parent = "support1",
		inverseBindPose = { 0.000000, 0.000000, 1.000000, -11.000000, -1.000000, 0.000000, -0.000000, 0.000000, 0.000000, -1.000000, 0.000000, -0.000001, -0.000000, 0.000000, -0.000000, 1.000000, },
	},
	["thigh.right"] = {
		parent = "hip.r",
		inverseBindPose = { -1.000000, 0.000000, -0.000000, -4.000000, 0.000000, -0.000000, -1.000000, 11.000000, -0.000000, -1.000000, -0.000000, -0.000001, -0.000000, 0.000000, 0.000000, 1.000000, },
	},
	["calf.r"] = {
		parent = "thigh.right",
		inverseBindPose = { -1.000000, 0.000000, 0.000000, -4.000000, 0.000000, -0.000000, -1.000000, 4.000000, -0.000000, -1.000000, 0.000000, -0.000001, 0.000000, 0.000000, -0.000000, 1.000000, },
	},
	["foot.r"] = {
		parent = "calf.r",
		inverseBindPose = { -0.996109, 0.062257, 0.062378, -3.984436, -0.062378, -0.998052, 0.000000, -0.249513, 0.062256, -0.003891, 0.998053, 0.249026, -0.000000, 0.000000, -0.000000, 1.000000, },
	},
}
