{
	["Armature"] = {
		inverseBindPose = { 1.000000, -0.000000, 0.000000, -0.000000, -0.000000, 0.000000, -1.000000, 0.000000, 0.000000, 1.000000, 0.000000, -0.000000, -0.000000, 0.000000, -0.000000, 1.000000, },
	},
	["Bone"] = {
		parent = "Armature",
		inverseBindPose = { 0.141421, 0.989949, -0.000000, -1.140210, -0.989949, 0.141421, 0.000000, 0.689429, 0.000000, 0.000000, 1.000000, -0.000000, -0.000000, 0.000000, -0.000000, 1.000000, },
	},
	["tail.1"] = {
		parent = "Bone",
		inverseBindPose = { -0.000000, 0.000000, 1.000000, -0.000000, 0.573462, 0.819232, -0.000000, -1.228848, -0.819232, 0.573462, -0.000000, -0.097284, -0.000000, -0.000000, -0.000000, 1.000000, },
	},
	["tail.2"] = {
		parent = "tail.1",
		inverseBindPose = { 0.000000, -0.000000, 1.000000, -0.000000, 0.600000, 0.800000, -0.000000, -1.606250, -0.800000, 0.600000, 0.000000, -0.150000, -0.000000, 0.000000, -0.000000, 1.000000, },
	},
	["tail.3"] = {
		parent = "tail.2",
		inverseBindPose = { -0.000000, 0.000000, 1.000000, -0.000000, 0.624695, 0.780869, -0.000000, -2.069302, -0.780868, 0.624695, -0.000000, -0.214739, -0.000000, -0.000000, -0.000000, 1.000000, },
	},
	["leg.rear.tr"] = {
		parent = "Bone",
		inverseBindPose = { -0.000000, 0.000000, -1.000000, 0.000000, -0.384616, -0.923077, 0.000000, 1.221154, -0.923077, 0.384615, 0.000000, 0.168269, -0.000000, 0.000000, -0.000000, 1.000000, },
	},
	["leg.rear.br"] = {
		parent = "leg.rear.tr",
		inverseBindPose = { 1.000000, 0.000000, -0.000000, -0.468750, -0.000000, -1.000000, 0.000000, 0.687500, -0.000000, -0.000000, -1.000000, 0.000000, -0.000000, 0.000000, -0.000000, 1.000000, },
	},
	["paw.rear.r"] = {
		parent = "leg.rear.br",
		inverseBindPose = { -0.000000, 0.000000, -1.000000, 0.000000, -1.000000, -0.000000, -0.000000, 0.468750, 0.000000, 1.000000, 0.000000, -0.187500, -0.000000, 0.000000, -0.000000, 1.000000, },
	},
	["par.rear.tl"] = {
		parent = "Bone",
		inverseBindPose = { 0.000000, 0.000000, 1.000000, -0.000000, 0.141421, -0.989950, 0.000000, 0.963433, 0.989949, 0.141421, -0.000000, -0.768978, -0.000000, 0.000000, -0.000000, 1.000000, },
	},
	["leg.rear.bl"] = {
		parent = "par.rear.tl",
		inverseBindPose = { 0.000000, 0.000000, 1.000000, -0.000000, 0.071247, -0.997459, 0.000000, 0.574429, 0.997459, 0.071247, -0.000000, -0.730282, -0.000000, 0.000000, -0.000000, 1.000000, },
	},
	["paw.rear.l"] = {
		parent = "leg.rear.bl",
		inverseBindPose = { 0.000000, -0.000000, -1.000000, 0.000000, -0.980581, -0.196116, -0.000000, 0.741564, -0.196116, 0.980581, -0.000000, -0.042900, -0.000000, 0.000000, 0.000000, 1.000000, },
	},
	["body"] = {
		parent = "Bone",
		inverseBindPose = { -0.000000, -0.000000, -1.000000, 0.000000, -0.999702, 0.024383, -0.000000, 0.598907, 0.024383, 0.999703, -0.000000, -1.077423, -0.000000, 0.000000, -0.000000, 1.000000, },
	},
	["leg.front.tr"] = {
		parent = "body",
		inverseBindPose = { 0.000000, -0.000000, -1.000000, 0.000000, -0.173785, -0.984783, -0.000000, 0.963060, -0.984783, 0.173785, -0.000000, -0.836342, -0.000000, 0.000000, 0.000000, 1.000000, },
	},
	["leg.front.br"] = {
		parent = "leg.front.tr",
		inverseBindPose = { 1.000000, -0.000000, -0.000000, 0.750000, -0.000000, -1.000000, 0.000000, 0.562500, -0.000000, -0.000000, -1.000000, -0.000000, -0.000000, 0.000000, -0.000000, 1.000000, },
	},
	["paw.front.r"] = {
		parent = "leg.front.br",
		inverseBindPose = { -0.000000, 0.000000, -1.000000, -0.000000, -0.986394, -0.164399, 0.000000, -0.708971, -0.164399, 0.986394, 0.000000, -0.308248, -0.000000, 0.000000, -0.000000, 1.000000, },
	},
	["leg.front.tl"] = {
		parent = "body",
		inverseBindPose = { -0.000000, -0.000000, 1.000000, -0.000000, 0.362446, -0.932005, -0.000000, 1.257235, 0.932004, 0.362446, 0.000000, 0.215203, -0.000000, 0.000000, -0.000000, 1.000000, },
	},
	["leg.front.bl"] = {
		parent = "leg.front.tl",
		inverseBindPose = { 1.000000, 0.000000, -0.000000, 0.437500, -0.000000, -1.000000, -0.000000, 0.531250, -0.000000, 0.000000, -1.000000, -0.000000, -0.000000, 0.000000, -0.000000, 1.000000, },
	},
	["paw.front.left"] = {
		parent = "leg.front.bl",
		inverseBindPose = { -0.000000, -0.000000, -1.000000, 0.000000, -1.000000, -0.000000, -0.000000, -0.437500, 0.000000, 1.000000, -0.000000, -0.187500, -0.000000, 0.000000, -0.000000, 1.000000, },
	},
	["head"] = {
		parent = "body",
		inverseBindPose = { -0.000000, -0.000000, -1.000000, 0.000000, -0.554700, 0.832050, 0.000000, -1.274077, 0.832050, 0.554700, -0.000000, -0.060670, -0.000000, -0.000000, 0.000000, 1.000000, },
	},
	["ear.l"] = {
		parent = "head",
		inverseBindPose = { -0.000000, 0.000000, 1.000000, -0.000000, 0.393919, 0.919145, 0.000000, -0.993005, -0.919145, 0.393919, -0.000000, -1.411544, -0.000000, -0.000000, -0.000000, 1.000000, },
	},
	["ear.r"] = {
		parent = "head",
		inverseBindPose = { -0.000000, -0.000000, -1.000000, -0.000000, -0.124034, 0.992278, 0.000000, -1.569814, 0.992278, 0.124034, -0.000000, 0.717076, -0.000000, -0.000000, -0.000000, 1.000000, },
	},
}
