{
	["Armature"] = {
		inverseBindPose = { 1.000000, -0.000000, 0.000000, -0.000000, -0.000000, 1.000000, -0.000000, 0.000000, 0.000000, -0.000000, 1.000000, -0.000000, -0.000000, 0.000000, -0.000000, 1.000000, },
	},
	["root"] = {
		parent = "Armature",
		inverseBindPose = { 1.000000, -0.000000, 0.000000, -0.000000, -0.000000, 0.000000, 1.000000, 0.000000, 0.000000, -1.000000, 0.000000, -0.000000, -0.000000, 0.000000, -0.000000, 1.000000, },
	},
	["hip"] = {
		parent = "root",
		inverseBindPose = { 1.000000, 0.000024, 0.000025, -0.000025, -0.000035, 0.689113, 0.724654, -0.724654, -0.000000, -0.724654, 0.689113, -0.689113, -0.000000, 0.000000, -0.000000, 1.000000, },
	},
	["shoulder.back.leg.left"] = {
		parent = "hip",
		inverseBindPose = { -0.161891, -0.965720, -0.202918, 5.673291, 0.816902, -0.015797, -0.576559, 3.462929, 0.553589, -0.259104, 0.791457, -3.450543, -0.000000, 0.000000, -0.000000, 1.000000, },
	},
	["calf.back.left"] = {
		parent = "shoulder.back.leg.left",
		inverseBindPose = { -0.249079, -0.965841, -0.071495, 5.214365, 0.275896, 0.000000, -0.961187, 3.989982, 0.928354, -0.259137, 0.266472, -1.661011, -0.000000, 0.000000, -0.000000, 1.000000, },
	},
	["foot.back.left"] = {
		parent = "calf.back.left",
		inverseBindPose = { -0.608616, -0.539884, 0.581474, 3.627638, 0.294413, -0.834169, -0.466350, 3.468819, 0.736822, -0.112635, 0.666638, -2.186456, -0.000000, 0.000000, -0.000000, 1.000000, },
	},
	["tail1"] = {
		parent = "hip",
		inverseBindPose = { 1.000000, -0.000041, 0.000000, 0.000425, 0.000041, 1.000000, -0.000000, -4.639466, 0.000000, 0.000000, 1.000000, -5.878753, -0.000000, 0.000000, -0.000000, 1.000000, },
	},
	["tail2"] = {
		parent = "tail1",
		inverseBindPose = { 1.000000, 0.000000, 0.000000, -0.000000, -0.000000, 1.000000, -0.000000, -10.371614, 0.000000, 0.000000, 1.000000, -5.878753, -0.000000, -0.000000, -0.000000, 1.000000, },
	},
	["tail3"] = {
		parent = "tail2",
		inverseBindPose = { 1.000000, 0.000000, 0.000000, -0.000000, -0.000000, 1.000000, -0.000000, -14.260971, 0.000000, 0.000000, 1.000000, -5.878753, -0.000000, -0.000000, -0.000000, 1.000000, },
	},
	["tail.tip"] = {
		parent = "tail3",
		inverseBindPose = { 1.000000, 0.000000, 0.000000, -0.000000, -0.000000, 1.000000, -0.000000, -17.809155, 0.000000, 0.000000, 1.000000, -5.878753, -0.000000, -0.000000, -0.000000, 1.000000, },
	},
	["spine1"] = {
		parent = "hip",
		inverseBindPose = { 1.000000, 0.000000, -0.000000, 0.000237, 0.000000, -1.000000, -0.000000, 4.639467, -0.000000, -0.000000, -1.000000, 5.878753, -0.000000, 0.000000, -0.000000, 1.000000, },
	},
	["spine2"] = {
		parent = "spine1",
		inverseBindPose = { 1.000000, 0.000000, -0.000000, 0.000237, 0.000000, -1.000000, -0.000000, -0.222227, -0.000000, -0.000000, -1.000000, 5.878753, -0.000000, 0.000000, -0.000000, 1.000000, },
	},
	["shoulder.wing.left"] = {
		parent = "spine2",
		inverseBindPose = { 0.378844, 0.701406, -0.603744, 7.115243, 0.851101, -0.007845, 0.524944, -3.125700, 0.363462, -0.712719, -0.599939, -0.096428, -0.000000, 0.000000, -0.000000, 1.000000, },
	},
	["wing2.left"] = {
		parent = "shoulder.wing.left",
		inverseBindPose = { 0.062787, 0.671717, -0.738142, 9.209808, 0.893324, 0.291953, 0.341666, -4.544936, 0.445006, -0.680853, -0.581730, -0.379075, -0.000000, 0.000000, -0.000000, 1.000000, },
	},
	["wing3.left"] = {
		parent = "wing2.left",
		inverseBindPose = { -0.354153, 0.681813, -0.640083, 11.831646, 0.932796, 0.208618, -0.293889, -4.307611, -0.066845, -0.701149, -0.709875, 5.211687, -0.000000, 0.000000, 0.000000, 1.000000, },
	},
	["other-wing2.left"] = {
		parent = "wing2.left",
		inverseBindPose = { -0.661711, 0.697426, -0.275202, 10.866854, 0.326353, -0.062535, -0.943177, 6.426048, -0.675005, -0.713924, -0.186227, 5.130534, -0.000000, 0.000000, 0.000000, 1.000000, },
	},
	["other-wing1.left"] = {
		parent = "shoulder.wing.left",
		inverseBindPose = { -0.616274, 0.701428, -0.358059, 8.750525, 0.502369, 0.000000, -0.864654, 5.196140, -0.606492, -0.712741, -0.352375, 1.431495, -0.000000, 0.000000, 0.000000, 1.000000, },
	},
	["shoulder.leg.front.left"] = {
		parent = "spine2",
		inverseBindPose = { 0.457523, 0.744783, 0.485768, 0.930813, 0.741140, -0.017561, -0.671121, 3.856250, -0.491309, 0.667076, -0.560023, 6.683481, -0.000000, 0.000000, -0.000000, 1.000000, },
	},
	["calf.front.left"] = {
		parent = "shoulder.leg.front.left",
		inverseBindPose = { 0.663040, 0.744951, 0.073671, 2.046175, 0.110431, 0.000000, -0.993884, 3.558674, -0.740394, 0.667120, -0.082266, 5.416097, -0.000000, 0.000000, -0.000000, 1.000000, },
	},
	["foot.front.left"] = {
		parent = "calf.front.left",
		inverseBindPose = { 0.805893, 0.417228, -0.420069, 0.366692, 0.261927, -0.887540, -0.379034, -4.952622, -0.530972, 0.195433, -0.824545, 3.013003, -0.000000, 0.000000, -0.000000, 1.000000, },
	},
	["neck1"] = {
		parent = "spine2",
		inverseBindPose = { 1.000000, 0.000074, -0.000000, 0.000613, 0.000074, -1.000000, -0.000000, -5.083920, -0.000000, -0.000000, -1.000000, 5.878753, -0.000000, 0.000000, -0.000000, 1.000000, },
	},
	["neck2"] = {
		parent = "neck1",
		inverseBindPose = { 1.000000, 0.000000, -0.000000, 0.000001, 0.000000, -1.000000, -0.000000, -8.256351, -0.000000, -0.000000, -1.000000, 5.878753, -0.000000, 0.000000, -0.000000, 1.000000, },
	},
	["head.top"] = {
		parent = "neck2",
		inverseBindPose = { 1.000000, 0.000000, 0.000000, -0.000001, 0.000000, -0.971921, 0.235307, -12.690592, 0.000000, -0.235307, -0.971921, 2.976132, -0.000000, 0.000000, -0.000000, 1.000000, },
	},
	["head.bottom"] = {
		parent = "neck2",
		inverseBindPose = { 1.000000, 0.000000, 0.000000, 0.000000, -0.000000, -0.983215, -0.182452, -10.366080, -0.000000, 0.182452, -0.983215, 7.902716, -0.000000, 0.000000, -0.000000, 1.000000, },
	},
	["shoulder.wing.right"] = {
		parent = "spine2",
		inverseBindPose = { 0.378844, -0.701406, 0.603744, -7.115064, -0.851100, -0.007845, 0.524944, -3.126101, -0.363462, -0.712719, -0.599939, -0.096599, -0.000000, 0.000000, -0.000000, 1.000000, },
	},
	["wing2.right"] = {
		parent = "shoulder.wing.right",
		inverseBindPose = { 0.062787, -0.671717, 0.738143, -9.209782, -0.893324, 0.291953, 0.341667, -4.545356, -0.445006, -0.680853, -0.581730, -0.379287, 0.000000, 0.000000, -0.000000, 1.000000, },
	},
	["wing3.right"] = {
		parent = "wing2.right",
		inverseBindPose = { -0.354153, -0.681813, 0.640083, -11.831814, -0.932796, 0.208618, -0.293889, -4.308048, 0.066844, -0.701149, -0.709875, 5.211719, 0.000000, 0.000000, 0.000000, 1.000000, },
	},
	["other-wing2.right"] = {
		parent = "wing2.right",
		inverseBindPose = { -0.661711, -0.697425, 0.275202, -10.867166, -0.326353, -0.062535, -0.943177, 6.425893, 0.675006, -0.713924, -0.186227, 5.130850, -0.000000, 0.000000, -0.000000, 1.000000, },
	},
	["other-wing1.right"] = {
		parent = "shoulder.wing.right",
		inverseBindPose = { -0.616274, -0.701427, 0.358058, -8.750814, -0.502369, 0.000000, -0.864653, 5.195903, 0.606492, -0.712741, -0.352375, 1.431782, 0.000000, 0.000000, 0.000000, 1.000000, },
	},
	["shoulder.leg.front.right"] = {
		parent = "spine2",
		inverseBindPose = { 0.457523, -0.744783, -0.485768, -0.930814, -0.741140, -0.017561, -0.671121, 3.856250, 0.491309, 0.667076, -0.560023, 6.683481, -0.000000, 0.000000, -0.000000, 1.000000, },
	},
	["calf.front.right"] = {
		parent = "shoulder.leg.front.right",
		inverseBindPose = { 0.663039, -0.744951, -0.073671, -2.046176, -0.110432, 0.000000, -0.993884, 3.558674, 0.740394, 0.667120, -0.082266, 5.416097, -0.000000, 0.000000, -0.000000, 1.000000, },
	},
	["foot.front.right"] = {
		parent = "calf.front.right",
		inverseBindPose = { 0.805892, -0.417228, 0.420069, -0.366693, -0.261928, -0.887540, -0.379034, -4.952622, 0.530972, 0.195433, -0.824545, 3.013003, -0.000000, 0.000000, -0.000000, 1.000000, },
	},
	["shoulder.back.leg.right"] = {
		parent = "hip",
		inverseBindPose = { -0.161891, 0.965720, 0.202918, -5.673368, -0.816903, -0.015797, -0.576559, 3.462546, -0.553589, -0.259104, 0.791457, -3.450803, 0.000000, 0.000000, -0.000000, 1.000000, },
	},
	["calf.back.right"] = {
		parent = "shoulder.back.leg.right",
		inverseBindPose = { -0.249079, 0.965841, 0.071495, -5.214482, -0.275897, 0.000000, -0.961187, 3.989853, -0.928354, -0.259137, 0.266472, -1.661448, -0.000000, 0.000000, -0.000000, 1.000000, },
	},
	["foot.back.right"] = {
		parent = "calf.back.right",
		inverseBindPose = { -0.608616, 0.539884, -0.581474, -3.627925, -0.294413, -0.834169, -0.466350, 3.468681, -0.736822, -0.112635, 0.666638, -2.186803, 0.000000, 0.000000, -0.000000, 1.000000, },
	},
	["Cube"] = {
		parent = "Armature",
		inverseBindPose = { 1.000000, -0.000000, 0.000000, -0.000000, -0.000000, 1.000000, -0.000000, 0.000000, 0.000000, -0.000000, 1.000000, -0.000000, -0.000000, 0.000000, -0.000000, 1.000000, },
	},
}
