{
	["Armature"] = {
		inverseBindPose = { 1.000000, -0.000000, 0.000000, -0.000000, -0.000000, 0.000000, -1.000000, 0.000000, 0.000000, 1.000000, 0.000000, -0.000000, -0.000000, 0.000000, -0.000000, 1.000000, },
	},
	["root"] = {
		parent = "Armature",
		inverseBindPose = { 1.000000, -0.000000, 0.000000, -0.000000, -0.000000, 1.000000, -0.000000, 0.000000, 0.000000, -0.000000, 1.000000, -0.000000, -0.000000, 0.000000, -0.000000, 1.000000, },
	},
	["hip"] = {
		parent = "root",
		inverseBindPose = { 1.000000, -0.000000, 0.000000, -0.000000, -0.000000, 1.000000, -0.000000, -0.500000, 0.000000, -0.000000, 1.000000, -0.000000, -0.000000, 0.000000, -0.000000, 1.000000, },
	},
	["leg.top.r"] = {
		parent = "hip",
		inverseBindPose = { -0.000000, 0.000000, -1.000000, -0.000000, -0.707107, -0.707107, -0.000000, 1.060660, -0.707107, 0.707107, 0.000000, -1.060660, -0.000000, 0.000000, 0.000000, 1.000000, },
	},
	["leg.bottom.r"] = {
		parent = "leg.top.r",
		inverseBindPose = { 1.000000, 0.000000, 0.000000, 0.500000, -0.000000, -1.000000, -0.000000, 1.000000, -0.000000, -0.000000, -1.000000, 0.000000, -0.000000, 0.000000, -0.000000, 1.000000, },
	},
	["foot.r"] = {
		parent = "leg.bottom.r",
		inverseBindPose = { -1.000000, 0.000000, -0.000000, -0.500000, 0.000000, 0.000000, 1.000000, -0.000000, 0.000000, 1.000000, -0.000000, -0.000000, -0.000000, 0.000000, -0.000000, 1.000000, },
	},
	["leg.top.l"] = {
		parent = "hip",
		inverseBindPose = { -0.000000, -0.000000, 1.000000, 0.000000, 0.707107, -0.707107, -0.000000, 1.060660, 0.707107, 0.707107, 0.000000, -1.060660, -0.000000, 0.000000, -0.000000, 1.000000, },
	},
	["leg.bottom.l"] = {
		parent = "leg.top.l",
		inverseBindPose = { 1.000000, -0.000000, -0.000000, -0.500000, 0.000000, -1.000000, -0.000000, 1.000000, 0.000000, -0.000000, -1.000000, 0.000000, -0.000000, 0.000000, -0.000000, 1.000000, },
	},
	["foot.l"] = {
		parent = "leg.bottom.l",
		inverseBindPose = { -1.000000, -0.000000, 0.000000, 0.500000, -0.000000, 0.000000, 1.000000, -0.000000, -0.000000, 1.000000, -0.000000, -0.000000, -0.000000, 0.000000, -0.000000, 1.000000, },
	},
	["body"] = {
		parent = "hip",
		inverseBindPose = { 1.000000, -0.000000, 0.000000, -0.000000, -0.000000, 0.894427, -0.447214, -1.341641, 0.000000, 0.447214, 0.894427, -0.670820, -0.000000, 0.000000, -0.000000, 1.000000, },
	},
	["arm.top.r"] = {
		parent = "body",
		inverseBindPose = { 0.000000, -0.000000, -1.000000, -0.500000, -1.000000, 0.000000, -0.000000, 0.000000, 0.000000, 1.000000, 0.000000, -2.500000, -0.000000, 0.000000, -0.000000, 1.000000, },
	},
	["arm.bottom.r"] = {
		parent = "arm.top.r",
		inverseBindPose = { 0.000000, 0.000000, -1.000000, -0.500000, -1.000000, 0.000000, -0.000000, -1.500000, 0.000000, 1.000000, 0.000000, -2.500000, -0.000000, 0.000000, -0.000000, 1.000000, },
	},
	["hand.r"] = {
		parent = "arm.bottom.r",
		inverseBindPose = { 0.000000, 0.000000, -1.000000, -0.500000, -1.000000, 0.000000, -0.000000, -3.000000, 0.000000, 1.000000, 0.000000, -2.500000, -0.000000, 0.000000, -0.000000, 1.000000, },
	},
	["arm.top.left"] = {
		parent = "body",
		inverseBindPose = { 0.000000, -0.000000, 1.000000, 0.500000, 1.000000, 0.000000, -0.000000, 0.000000, 0.000000, 1.000000, 0.000000, -2.500000, -0.000000, 0.000000, -0.000000, 1.000000, },
	},
	["arm.bottom.l"] = {
		parent = "arm.top.left",
		inverseBindPose = { 0.000000, -0.000000, 1.000000, 0.500000, 1.000000, 0.000000, -0.000000, -1.500000, 0.000000, 1.000000, 0.000000, -2.500000, -0.000000, 0.000000, -0.000000, 1.000000, },
	},
	["hand.l"] = {
		parent = "arm.bottom.l",
		inverseBindPose = { 0.000000, -0.000000, 1.000000, 0.500000, 1.000000, 0.000000, -0.000000, -2.500000, 0.000000, 1.000000, 0.000000, -2.500000, -0.000000, 0.000000, -0.000000, 1.000000, },
	},
	["neck"] = {
		parent = "body",
		inverseBindPose = { 1.000000, -0.000000, 0.000000, -0.000000, -0.000000, 1.000000, -0.000000, -2.500000, 0.000000, -0.000000, 1.000000, 0.500000, -0.000000, 0.000000, -0.000000, 1.000000, },
	},
	["head"] = {
		parent = "neck",
		inverseBindPose = { 1.000000, 0.000000, -0.000000, -0.000001, -0.000000, 0.832050, 0.554700, -3.050852, 0.000000, -0.554700, 0.832050, 2.634826, -0.000000, 0.000000, -0.000000, 1.000000, },
	},
	["head.swivel"] = {
		parent = "head",
		inverseBindPose = { -1.000000, -0.000000, 0.000000, 0.000000, -0.000000, -0.000000, 1.000000, -0.500000, -0.000000, 1.000000, 0.000000, -5.500001, -0.000000, 0.000000, -0.000000, 1.000000, },
	},
	["wing.1.r"] = {
		parent = "body",
		inverseBindPose = { -0.000000, -0.000000, -1.000000, -0.499999, -0.707107, 0.707107, -0.000000, -1.767767, 0.707107, 0.707107, -0.000001, -1.767767, -0.000000, -0.000000, 0.000000, 1.000000, },
	},
	["wing.2.r"] = {
		parent = "wing.1.r",
		inverseBindPose = { 0.000000, 0.000000, -1.000000, -0.500000, -0.980581, 0.196116, -0.000000, -1.078639, 0.196116, 0.980581, -0.000000, -2.843684, -0.000000, 0.000000, -0.000000, 1.000000, },
	},
	["wing.3.r"] = {
		parent = "wing.2.r",
		inverseBindPose = { 0.000000, 0.000000, -1.000000, -0.500000, -1.000000, 0.000000, -0.000000, -3.000001, 0.000000, 1.000000, -0.000000, -3.500000, -0.000000, 0.000000, -0.000000, 1.000000, },
	},
	["wing.tip.r"] = {
		parent = "wing.3.r",
		inverseBindPose = { 0.000000, 0.000000, -1.000000, -0.500000, -0.894427, -0.447214, 0.000000, -2.906889, -0.447214, 0.894428, -0.000000, -5.366564, -0.000000, -0.000000, 0.000000, 1.000000, },
	},
	["wing.1.l"] = {
		parent = "body",
		inverseBindPose = { -0.000000, 0.000000, 1.000000, 0.499999, 0.707107, 0.707107, 0.000000, -1.767767, -0.707107, 0.707107, -0.000000, -1.767767, -0.000000, -0.000000, -0.000000, 1.000000, },
	},
	["wing.2.l"] = {
		parent = "wing.1.l",
		inverseBindPose = { 0.000000, 0.000000, 1.000000, 0.500000, 0.980581, 0.196116, -0.000000, -1.078639, -0.196116, 0.980581, 0.000000, -2.843685, -0.000000, 0.000000, -0.000000, 1.000000, },
	},
	["wing.3.l"] = {
		parent = "wing.2.l",
		inverseBindPose = { 0.000000, 0.000000, 1.000000, 0.500000, 1.000000, 0.000000, -0.000000, -3.000001, -0.000000, 1.000000, -0.000000, -3.500000, -0.000000, 0.000000, -0.000000, 1.000000, },
	},
	["wing.tip.l"] = {
		parent = "wing.3.l",
		inverseBindPose = { 0.000000, 0.000000, 1.000000, 0.500000, 0.894427, -0.447214, -0.000000, -2.906889, 0.447214, 0.894428, -0.000000, -5.366564, -0.000000, 0.000000, -0.000000, 1.000000, },
	},
	["Bone.016"] = {
		parent = "hip",
		inverseBindPose = { 1.000000, -0.000000, 0.000000, -0.000000, -0.000000, -0.707107, -0.707107, 1.060660, 0.000000, 0.707107, -0.707107, -1.060660, -0.000000, 0.000000, -0.000000, 1.000000, },
	},
	["tail1"] = {
		parent = "Bone.016",
		inverseBindPose = { 1.000000, -0.000000, 0.000000, -0.000000, -0.000000, 0.000000, -1.000000, -0.500000, 0.000000, 1.000000, -0.000000, -1.000000, -0.000000, 0.000000, -0.000000, 1.000000, },
	},
	["tail2"] = {
		parent = "tail1",
		inverseBindPose = { 1.000000, -0.000000, 0.000000, -0.000000, -0.000000, 0.000000, -1.000000, -2.000000, 0.000000, 1.000000, -0.000000, -1.000000, -0.000000, 0.000000, -0.000000, 1.000000, },
	},
	["tail3"] = {
		parent = "tail2",
		inverseBindPose = { 1.000000, -0.000000, 0.000000, -0.000000, -0.000000, 0.000000, -1.000000, -3.500000, 0.000000, 1.000000, -0.000000, -1.000000, -0.000000, 0.000000, -0.000000, 1.000000, },
	},
	["tail4"] = {
		parent = "tail3",
		inverseBindPose = { 1.000000, -0.000000, 0.000000, -0.000000, -0.000000, 0.000000, -1.000000, -5.000000, 0.000000, 1.000000, -0.000000, -1.000000, -0.000000, 0.000000, -0.000000, 1.000000, },
	},
	["tail5"] = {
		parent = "tail4",
		inverseBindPose = { 1.000000, -0.000000, 0.000000, -0.000000, -0.000000, 0.000000, -1.000000, -7.000000, 0.000000, 1.000000, -0.000000, -1.000000, -0.000000, 0.000000, -0.000000, 1.000000, },
	},
	["tail6"] = {
		parent = "tail5",
		inverseBindPose = { 1.000000, -0.000000, 0.000000, -0.000000, -0.000000, 0.000000, -1.000000, -8.500000, 0.000000, 1.000000, -0.000000, -1.000000, -0.000000, 0.000000, -0.000000, 1.000000, },
	},
}
