{
	["Armature"] = {
		inverseBindPose = { 1.000000, -0.000000, 0.000000, -0.000000, -0.000000, 0.000000, -1.000000, 0.000000, 0.000000, 1.000000, 0.000000, -0.000000, -0.000000, 0.000000, -0.000000, 1.000000, },
	},
	["root"] = {
		parent = "Armature",
		inverseBindPose = { 1.000000, -0.000000, 0.000000, -0.000000, -0.000000, 1.000000, -0.000000, 0.000000, 0.000000, -0.000000, 1.000000, -0.000000, -0.000000, 0.000000, -0.000000, 1.000000, },
	},
	["body"] = {
		parent = "root",
		inverseBindPose = { 1.000000, -0.000000, 0.000000, -0.000000, -0.000000, 1.000000, -0.000000, -1.000000, 0.000000, -0.000000, 1.000000, -0.000000, -0.000000, 0.000000, -0.000000, 1.000000, },
	},
	["leg.top.fr"] = {
		parent = "body",
		inverseBindPose = { -0.759256, 0.000000, -0.650791, -0.000001, -0.545454, 0.545455, 0.636364, -2.181818, 0.354977, 0.838140, -0.414140, -3.352561, -0.000000, -0.000000, -0.000000, 1.000000, },
	},
	["leg.bottom.fr"] = {
		parent = "leg.top.fr",
		inverseBindPose = { 0.939229, -0.337869, 0.060771, 4.970070, -0.337869, -0.878459, 0.337869, 3.953066, -0.060771, -0.337869, -0.939229, 5.470072, -0.000000, 0.000000, -0.000000, 1.000000, },
	},
	["leg.top.rr"] = {
		parent = "body",
		inverseBindPose = { 0.650791, -0.000000, -0.759257, 0.000000, -0.636364, 0.545455, -0.545455, -2.181818, 0.414140, 0.838140, 0.354977, -3.352561, -0.000000, 0.000000, -0.000000, 1.000000, },
	},
	["leg.bottom.rr"] = {
		parent = "leg.top.rr",
		inverseBindPose = { 0.939229, -0.337869, -0.060770, 5.470071, -0.337869, -0.878458, -0.337868, 3.953063, 0.060771, 0.337868, -0.939229, -4.970068, -0.000000, 0.000000, -0.000000, 1.000000, },
	},
	["leg.top.rl"] = {
		parent = "body",
		inverseBindPose = { 0.640184, -0.000000, 0.768221, 0.000000, 0.609208, 0.609208, -0.507673, -2.436831, -0.468006, 0.793011, 0.390005, -3.172042, -0.000000, 0.000000, -0.000000, 1.000000, },
	},
	["leg.bottom.rl"] = {
		parent = "leg.top.rl",
		inverseBindPose = { 0.918702, 0.386494, 0.081298, -5.258318, 0.386494, -0.837403, -0.386494, 3.736108, -0.081298, 0.386494, -0.918702, -4.758317, -0.000000, 0.000000, -0.000000, 1.000000, },
	},
	["leg.top.fl"] = {
		parent = "body",
		inverseBindPose = { -0.707107, -0.000000, 0.707107, -0.000000, 0.577350, 0.577350, 0.577350, -2.309401, -0.408248, 0.816497, -0.408248, -3.265986, -0.000000, -0.000000, -0.000000, 1.000000, },
	},
	["leg.bottom.fl"] = {
		parent = "leg.top.fl",
		inverseBindPose = { 0.918702, 0.386494, -0.081298, -5.217671, 0.386494, -0.837403, 0.386494, 3.542861, 0.081299, -0.386494, -0.918702, 5.217668, -0.000000, 0.000000, -0.000000, 1.000000, },
	},
	["ear"] = {
		parent = "body",
		inverseBindPose = { 1.000000, -0.000000, 0.000000, -0.000000, -0.000000, 1.000000, -0.000000, -4.000000, 0.000000, -0.000000, 1.000000, -0.000000, -0.000000, 0.000000, -0.000000, 1.000000, },
	},
}
