{
	["Armature"] = {
		inverseBindPose = { 1.000000, -0.000000, 0.000000, -0.000000, -0.000000, 1.000000, -0.000000, 0.000000, 0.000000, -0.000000, 1.000000, -0.000000, -0.000000, 0.000000, -0.000000, 1.000000, },
	},
	["root"] = {
		parent = "Armature",
		inverseBindPose = { 1.000000, -0.000000, 0.000000, -0.000000, -0.000000, 0.000000, 1.000000, 0.000000, 0.000000, -1.000000, 0.000000, -0.000000, -0.000000, 0.000000, -0.000000, 1.000000, },
	},
	["body"] = {
		parent = "root",
		inverseBindPose = { 0.997459, -0.000000, -0.071247, 0.071247, 0.071247, 0.000000, 0.997459, -0.997459, -0.000000, -1.000000, 0.000000, -0.000000, -0.000000, 0.000000, -0.000000, 1.000000, },
	},
	["heart"] = {
		parent = "body",
		inverseBindPose = { 0.406138, 0.000000, 0.913811, -2.233761, -0.913811, -0.000000, 0.406138, -0.883351, 0.000000, -1.000000, 0.000000, -0.000000, -0.000000, 0.000000, -0.000000, 1.000000, },
	},
	["archer.guts1"] = {
		parent = "body",
		inverseBindPose = { -0.000000, -0.000000, 1.000000, -2.399999, -1.000000, -0.000000, -0.000000, 0.100000, 0.000000, -1.000000, -0.000000, 0.000001, -0.000000, 0.000000, -0.000000, 1.000000, },
	},
	["archer.guts2"] = {
		parent = "archer.guts1",
		inverseBindPose = { -0.000000, -0.000001, 1.000000, -2.399999, -1.000000, -0.000000, -0.000000, -9.899999, 0.000000, -1.000000, -0.000001, 0.000002, -0.000000, 0.000000, -0.000000, 1.000000, },
	},
	["archer.body"] = {
		parent = "archer.guts2",
		inverseBindPose = { 0.948683, -0.300000, 0.100000, 17.784981, 0.000000, 0.316228, 0.948683, -2.276839, -0.316228, -0.900000, 0.300000, -6.728339, -0.000000, 0.000000, -0.000000, 1.000000, },
	},
	["archer.shoulder.l"] = {
		parent = "archer.body",
		inverseBindPose = { 0.948683, 0.141422, 0.282843, 16.950176, -0.000000, 0.894427, -0.447213, 1.252197, -0.316228, 0.424264, 0.848528, -9.232741, -0.000000, -0.000000, -0.000000, 1.000000, },
	},
	["archer.hand.l"] = {
		parent = "archer.shoulder.l",
		inverseBindPose = { 0.948683, 0.316228, -0.000000, 17.708746, -0.000000, 0.000000, -1.000000, 3.299998, -0.316228, 0.948683, 0.000000, -6.957021, -0.000000, -0.000000, -0.000000, 1.000000, },
	},
	["archer.shoulder.r"] = {
		parent = "archer.body",
		inverseBindPose = { 0.948683, 0.111035, -0.296094, 19.046505, -0.000000, -0.936329, -0.351123, 1.638576, -0.316228, 0.333105, -0.888280, -2.943774, -0.000000, 0.000000, -0.000000, 1.000000, },
	},
	["archer.hand.r"] = {
		parent = "archer.shoulder.r",
		inverseBindPose = { 0.948683, 0.316228, -0.000000, 18.151474, 0.000000, 0.000000, -1.000000, 3.300001, -0.316228, 0.948683, 0.000000, -5.628864, -0.000000, -0.000000, -0.000000, 1.000000, },
	},
	["acher.head"] = {
		parent = "archer.body",
		inverseBindPose = { 0.948683, -0.313050, -0.044721, 18.311195, 0.000000, -0.141421, 0.989949, -3.507249, -0.316228, -0.939148, -0.134164, -5.149688, -0.000000, 0.000000, -0.000000, 1.000000, },
	},
	["wizard.guts1"] = {
		parent = "body",
		inverseBindPose = { 0.997459, -0.000000, -0.071247, 0.071247, 0.000000, -1.000000, -0.000000, 0.000000, -0.071247, -0.000000, -0.997459, 2.401025, -0.000000, 0.000000, -0.000000, 1.000000, },
	},
	["wizard.guts2"] = {
		parent = "wizard.guts1",
		inverseBindPose = { 0.997459, -0.000000, -0.071247, 0.071247, 0.000000, -1.000000, -0.000000, -10.000001, -0.071247, -0.000000, -0.997459, 2.401025, -0.000000, 0.000000, -0.000000, 1.000000, },
	},
	["wizard.body"] = {
		parent = "wizard.guts2",
		inverseBindPose = { 0.997456, -0.071247, -0.002303, -1.447914, 0.002309, -0.000000, 0.999997, -2.400227, -0.071247, -0.997459, 0.000164, -18.944990, -0.000000, 0.000000, -0.000000, 1.000000, },
	},
	["wizard.shoulder.r"] = {
		parent = "wizard.body",
		inverseBindPose = { -0.435185, -0.071247, 0.897518, -4.208611, -0.899804, 0.000000, -0.436294, 1.501073, 0.031085, -0.997459, -0.064108, -18.747795, -0.000000, 0.000000, -0.000000, 1.000000, },
	},
	["wizard.hand.r"] = {
		parent = "wizard.shoulder.r",
		inverseBindPose = { -0.841517, -0.071247, -0.535511, -0.469744, 0.536875, 0.000000, -0.843661, 2.778710, 0.060109, -0.997459, 0.038251, -19.014858, -0.000000, 0.000000, -0.000000, 1.000000, },
	},
	["wizard.shoulder.l"] = {
		parent = "wizard.body",
		inverseBindPose = { -0.550032, -0.071247, -0.832099, 1.390303, 0.834219, 0.000000, -0.551433, 1.696282, 0.039288, -0.997459, 0.059436, -19.147722, -0.000000, 0.000000, -0.000000, 1.000000, },
	},
	["wizard.hand.left"] = {
		parent = "wizard.shoulder.l",
		inverseBindPose = { -0.986018, -0.071247, -0.150642, -0.302724, 0.151025, 0.000000, -0.988530, 2.756912, 0.070430, -0.997459, 0.010760, -19.026791, -0.000000, 0.000000, -0.000000, 1.000000, },
	},
	["wizard.head"] = {
		parent = "wizard.body",
		inverseBindPose = { 0.997459, -0.071247, -0.000000, -1.455351, 0.000000, -0.000000, 1.000000, -3.230319, -0.071247, -0.997459, 0.000000, -18.944462, -0.000000, 0.000000, -0.000000, 1.000000, },
	},
	["warrior.guts1"] = {
		parent = "body",
		inverseBindPose = { 0.000000, -0.000000, -1.000000, 2.399999, 1.000000, -0.000000, -0.000000, -0.100000, 0.000000, -1.000000, 0.000000, -0.000000, -0.000000, 0.000000, -0.000000, 1.000000, },
	},
	["warriot.guts2"] = {
		parent = "warrior.guts1",
		inverseBindPose = { 0.000000, -0.000000, -1.000000, 2.399999, 1.000000, -0.000000, -0.000000, -10.099999, 0.000000, -1.000000, 0.000000, -0.000000, -0.000000, 0.000000, -0.000000, 1.000000, },
	},
	["warrior.body"] = {
		parent = "warriot.guts2",
		inverseBindPose = { 0.948683, 0.300000, -0.100000, -16.931171, -0.000000, 0.316228, 0.948683, -2.276838, 0.316228, -0.900000, 0.300000, -6.443721, -0.000000, 0.000000, -0.000000, 1.000000, },
	},
	["warrior.shoulder.r"] = {
		parent = "warrior.body",
		inverseBindPose = { 0.948683, -0.111035, 0.296093, -18.192688, 0.000000, -0.936329, -0.351123, 1.638575, 0.316228, 0.333105, -0.888280, -2.659158, -0.000000, 0.000000, -0.000000, 1.000000, },
	},
	["warrior.hand.r"] = {
		parent = "warrior.shoulder.r",
		inverseBindPose = { 0.948683, -0.316228, -0.000000, -17.297659, 0.000000, -0.000000, -1.000000, 3.299998, 0.316228, 0.948683, 0.000000, -5.344248, -0.000000, 0.000000, -0.000000, 1.000000, },
	},
	["warrior.shoulder.l"] = {
		parent = "warrior.body",
		inverseBindPose = { 0.948683, -0.141421, -0.282843, -16.096367, 0.000000, 0.894427, -0.447213, 1.252196, 0.316228, 0.424264, 0.848528, -8.948126, -0.000000, 0.000000, -0.000000, 1.000000, },
	},
	["warrior.hand.l"] = {
		parent = "warrior.shoulder.l",
		inverseBindPose = { 0.948683, -0.316228, 0.000000, -16.854944, 0.000000, 0.000000, -0.999999, 3.299994, 0.316228, 0.948683, -0.000000, -6.672403, -0.000000, 0.000000, -0.000000, 1.000000, },
	},
	["warrior.head"] = {
		parent = "warrior.body",
		inverseBindPose = { 0.948683, 0.316228, -0.000000, -17.297661, -0.000000, -0.000000, 1.000000, -3.599998, 0.316228, -0.948683, 0.000000, -5.344247, -0.000000, 0.000000, -0.000000, 1.000000, },
	},
	["Cube"] = {
		parent = "Armature",
		inverseBindPose = { 1.000000, -0.000000, 0.000000, -0.000000, -0.000000, 1.000000, -0.000000, 0.000000, 0.000000, -0.000000, 1.000000, -0.000000, -0.000000, 0.000000, -0.000000, 1.000000, },
	},
}
