{
	["Armature"] = {
		inverseBindPose = { 1.000000, -0.000000, 0.000000, -0.000000, -0.000000, 0.000000, -1.000000, 0.000000, 0.000000, 1.000000, 0.000000, -0.000000, -0.000000, 0.000000, -0.000000, 1.000000, },
	},
	["root"] = {
		parent = "Armature",
		inverseBindPose = { 1.000000, -0.000000, 0.000000, -0.000000, -0.000000, 1.000000, -0.000000, 0.000000, 0.000000, -0.000000, 1.000000, -0.000000, -0.000000, 0.000000, -0.000000, 1.000000, },
	},
	["leg.tr"] = {
		parent = "root",
		inverseBindPose = { 0.000000, -0.000000, -1.000000, 0.000000, -0.894427, -0.447214, -0.000000, 0.447214, -0.447214, 0.894427, -0.000000, -0.894427, 0.000000, 0.000000, 0.000000, 1.000000, },
	},
	["leg.br"] = {
		parent = "leg.tr",
		inverseBindPose = { 1.000000, 0.000000, 0.000000, 1.000000, 0.000000, -1.000000, 0.000000, 0.500000, -0.000000, -0.000000, -1.000000, -0.000000, -0.000000, 0.000000, -0.000000, 1.000000, },
	},
	["foot.r"] = {
		parent = "leg.br",
		inverseBindPose = { -1.000000, 0.000000, 0.000000, -1.000000, 0.000000, -0.000000, 1.000000, 0.000000, 0.000000, 1.000000, -0.000000, 0.000000, -0.000000, 0.000000, -0.000000, 1.000000, },
	},
	["leg.tl"] = {
		parent = "root",
		inverseBindPose = { 0.000000, 0.000000, 1.000000, -0.000000, 0.894427, -0.447214, -0.000000, 0.447214, 0.447214, 0.894427, -0.000000, -0.894427, -0.000000, 0.000000, -0.000000, 1.000000, },
	},
	["leg.bl"] = {
		parent = "leg.tl",
		inverseBindPose = { 1.000000, -0.000000, -0.000000, -1.000000, -0.000000, -1.000000, 0.000000, 0.500000, 0.000000, -0.000000, -1.000000, -0.000000, -0.000000, 0.000000, -0.000000, 1.000000, },
	},
	["foot.l"] = {
		parent = "leg.bl",
		inverseBindPose = { -1.000000, -0.000000, -0.000000, 1.000000, -0.000000, -0.000000, 1.000000, 0.000000, -0.000000, 1.000000, -0.000000, 0.000000, -0.000000, 0.000000, -0.000000, 1.000000, },
	},
	["neck"] = {
		parent = "root",
		inverseBindPose = { 1.000000, -0.000000, 0.000000, -0.000000, -0.000000, 1.000000, -0.000000, -1.000000, 0.000000, -0.000000, 1.000000, -0.000000, -0.000000, 0.000000, -0.000000, 1.000000, },
	},
	["arm.tr"] = {
		parent = "neck",
		inverseBindPose = { 0.000000, -0.000000, -1.000000, 0.000000, -0.894427, -0.447214, -0.000000, 1.118034, -0.447214, 0.894427, -0.000000, -2.236068, 0.000000, 0.000000, 0.000000, 1.000000, },
	},
	["arm.br"] = {
		parent = "arm.tr",
		inverseBindPose = { 1.000000, 0.000000, 0.000000, 1.000000, 0.000000, 0.000000, 1.000000, -0.000000, 0.000000, -1.000000, 0.000000, 2.000000, -0.000000, 0.000000, -0.000000, 1.000000, },
	},
	["hand.r"] = {
		parent = "arm.br",
		inverseBindPose = { -1.000000, 0.000000, 0.000000, -1.000001, -0.000000, -0.707107, 0.707107, 1.060661, 0.000000, 0.707107, 0.707107, -1.767767, -0.000000, 0.000000, -0.000000, 1.000000, },
	},
	["hand.tl"] = {
		parent = "neck",
		inverseBindPose = { 0.000000, 0.000000, 1.000000, -0.000000, 0.894427, -0.447214, -0.000000, 1.118034, 0.447214, 0.894427, -0.000000, -2.236068, -0.000000, 0.000000, -0.000000, 1.000000, },
	},
	["hand.bl"] = {
		parent = "hand.tl",
		inverseBindPose = { -1.000000, 0.000000, 0.000000, 1.000000, -0.000000, 0.000000, 1.000000, 0.000000, 0.000000, 1.000000, -0.000000, -2.000000, -0.000000, 0.000000, -0.000000, 1.000000, },
	},
	["hand.l"] = {
		parent = "hand.bl",
		inverseBindPose = { -1.000000, 0.000000, 0.000000, 0.999999, -0.000000, -0.707107, 0.707107, 1.060660, 0.000000, 0.707107, 0.707107, -1.767767, -0.000000, 0.000000, -0.000000, 1.000000, },
	},
	["head"] = {
		parent = "neck",
		inverseBindPose = { 1.000000, -0.000000, 0.000000, -0.000000, -0.000000, 1.000000, -0.000000, -2.500000, 0.000000, -0.000000, 1.000000, -0.000000, -0.000000, 0.000000, -0.000000, 1.000000, },
	},
	["flower3.b"] = {
		parent = "head",
		inverseBindPose = { 1.000000, -0.000000, 0.000000, -0.000000, -0.000000, 1.000000, -0.000000, -3.500000, 0.000000, -0.000000, 1.000000, -0.000000, -0.000000, 0.000000, -0.000000, 1.000000, },
	},
	["flower3.t"] = {
		parent = "flower3.b",
		inverseBindPose = { 1.000000, -0.000000, 0.000000, -0.000000, -0.000000, 1.000000, -0.000000, -4.500000, 0.000000, -0.000000, 1.000000, -0.000000, -0.000000, 0.000000, -0.000000, 1.000000, },
	},
	["flower4.b"] = {
		parent = "head",
		inverseBindPose = { 0.000000, -0.000000, 1.000000, 0.000000, 0.894427, 0.447214, -0.000000, -1.565248, -0.447214, 0.894427, 0.000000, -3.130495, -0.000000, 0.000000, -0.000000, 1.000000, },
	},
	["flower4.t"] = {
		parent = "flower4.b",
		inverseBindPose = { -0.000000, 0.000000, 1.000000, -0.000000, 0.894427, 0.447214, -0.000000, -2.683282, -0.447214, 0.894427, -0.000000, -3.130496, -0.000000, 0.000000, -0.000000, 1.000000, },
	},
	["flower5.b"] = {
		parent = "head",
		inverseBindPose = { 0.000000, 0.000000, 1.000000, -0.000000, 0.894427, -0.447214, -0.000000, 1.565248, 0.447214, 0.894427, -0.000000, -3.130495, -0.000000, 0.000000, -0.000000, 1.000000, },
	},
	["flower5.t"] = {
		parent = "flower5.b",
		inverseBindPose = { 0.000000, -0.000000, 1.000000, 0.000000, 0.894427, -0.447214, -0.000000, 0.447214, 0.447214, 0.894427, -0.000000, -3.130496, -0.000000, 0.000000, -0.000000, 1.000000, },
	},
	["flower1.b"] = {
		parent = "head",
		inverseBindPose = { 0.000000, -0.000000, -1.000000, 0.000000, -0.894427, -0.447214, -0.000000, 1.565248, -0.447214, 0.894427, -0.000000, -3.130495, 0.000000, 0.000000, 0.000000, 1.000000, },
	},
	["flower1.t"] = {
		parent = "flower1.b",
		inverseBindPose = { 0.000000, 0.000000, -1.000000, -0.000000, -0.894427, -0.447214, -0.000000, 0.447214, -0.447214, 0.894427, -0.000000, -3.130496, -0.000000, -0.000000, 0.000000, 1.000000, },
	},
	["flower2.b"] = {
		parent = "head",
		inverseBindPose = { 0.000000, 0.000000, -1.000000, -0.000000, -0.894427, 0.447214, -0.000000, -1.565248, 0.447214, 0.894427, 0.000000, -3.130495, -0.000000, 0.000000, -0.000000, 1.000000, },
	},
	["flower2.t"] = {
		parent = "flower2.b",
		inverseBindPose = { -0.000000, -0.000000, -1.000000, 0.000000, -0.894427, 0.447214, -0.000000, -2.683282, 0.447214, 0.894427, -0.000000, -3.130496, -0.000000, 0.000000, -0.000000, 1.000000, },
	},
}
