{
	["Armature"] = {
		inverseBindPose = { 1.000000, -0.000000, 0.000000, -0.000000, -0.000000, 1.000000, -0.000000, 0.000000, 0.000000, -0.000000, 1.000000, -0.000000, -0.000000, 0.000000, -0.000000, 1.000000, },
	},
	["Bone"] = {
		parent = "Armature",
		inverseBindPose = { 1.000000, -0.000000, 0.000000, -0.000000, -0.000000, 0.000000, 1.000000, 0.000000, 0.000000, -1.000000, 0.000000, -0.000000, -0.000000, 0.000000, -0.000000, 1.000000, },
	},
	["Bone.001"] = {
		parent = "Bone",
		inverseBindPose = { 1.000000, -0.000000, 0.000000, -0.000000, -0.000000, 0.000000, 1.000000, -1.000000, 0.000000, -1.000000, 0.000000, -0.000000, -0.000000, 0.000000, -0.000000, 1.000000, },
	},
	["Bone.002"] = {
		parent = "Bone.001",
		inverseBindPose = { -0.832050, -0.000000, 0.554700, -5.547000, -0.554700, -0.000000, -0.832050, 8.320504, 0.000000, -1.000000, -0.000000, 0.000001, -0.000000, 0.000000, -0.000000, 1.000000, },
	},
	["leg1.r"] = {
		parent = "Bone.002",
		inverseBindPose = { -1.000000, -0.000000, -0.000000, -2.000000, -0.000000, 0.000000, -1.000000, 7.000000, 0.000000, -1.000000, 0.000000, 0.000001, -0.000000, 0.000000, -0.000000, 1.000000, },
	},
	["leg2.r"] = {
		parent = "leg1.r",
		inverseBindPose = { -1.000000, -0.000000, -0.000000, -2.000000, -0.000000, 0.000000, -1.000000, 4.000000, 0.000000, -1.000000, 0.000000, 0.000001, -0.000000, 0.000000, -0.000000, 1.000000, },
	},
	["foot.r"] = {
		parent = "leg2.r",
		inverseBindPose = { -1.000000, -0.000000, 0.000000, -2.000000, 0.000000, -1.000000, 0.000000, -0.000000, 0.000001, -0.000000, 1.000000, -0.999999, -0.000000, 0.000000, -0.000000, 1.000000, },
	},
	["Bone.003"] = {
		parent = "Bone.001",
		inverseBindPose = { -0.832050, -0.000000, -0.554700, 5.547000, 0.554700, 0.000000, -0.832050, 8.320504, 0.000000, -1.000000, 0.000000, -0.000001, -0.000000, 0.000000, -0.000000, 1.000000, },
	},
	["leg1.l"] = {
		parent = "Bone.003",
		inverseBindPose = { -1.000000, -0.000000, 0.000000, 2.000000, 0.000000, -0.000000, -1.000000, 7.000000, 0.000000, -1.000000, 0.000000, -0.000000, -0.000000, 0.000000, -0.000000, 1.000000, },
	},
	["leg2.l"] = {
		parent = "leg1.l",
		inverseBindPose = { -1.000000, -0.000000, 0.000000, 2.000000, 0.000000, -0.000000, -1.000000, 4.000000, 0.000000, -1.000000, 0.000000, -0.000000, -0.000000, 0.000000, -0.000000, 1.000000, },
	},
	["foot.l"] = {
		parent = "leg2.l",
		inverseBindPose = { -1.000000, -0.000000, 0.000000, 2.000000, 0.000000, -1.000000, 0.000000, -0.000000, -0.000000, 0.000000, 1.000000, -1.000000, 0.000000, 0.000000, -0.000000, 1.000000, },
	},
	["body"] = {
		parent = "Bone.001",
		inverseBindPose = { 1.000000, -0.000000, 0.000000, -0.000000, -0.000000, 0.000000, 1.000000, -10.000000, 0.000000, -1.000000, 0.000000, -0.000000, -0.000000, 0.000000, -0.000000, 1.000000, },
	},
	["shoulder.r"] = {
		parent = "body",
		inverseBindPose = { 0.000000, -0.000000, 1.000000, -21.000000, -1.000000, 0.000000, -0.000000, 0.000000, 0.000000, -1.000000, -0.000000, 0.000001, 0.000000, 0.000000, -0.000000, 1.000000, },
	},
	["arm.r"] = {
		parent = "shoulder.r",
		inverseBindPose = { 0.000000, -0.000001, 1.000000, -21.000000, -1.000000, -0.000000, -0.000000, -5.000000, 0.000000, -1.000000, -0.000001, 0.000013, 0.000000, 0.000000, -0.000000, 1.000000, },
	},
	["hand.r"] = {
		parent = "arm.r",
		inverseBindPose = { 0.000000, -0.000001, 1.000000, -21.000000, -1.000000, -0.000000, -0.000000, -10.000000, 0.000000, -1.000000, -0.000001, 0.000016, 0.000000, 0.000000, -0.000000, 1.000000, },
	},
	["fingers1.r"] = {
		parent = "hand.r",
		inverseBindPose = { 0.000000, -0.000001, 1.000000, -21.000000, -1.000000, -0.000000, -0.000000, -11.000000, 0.000000, -1.000000, -0.000001, 0.000016, 0.000000, 0.000000, -0.000000, 1.000000, },
	},
	["fingers2.r"] = {
		parent = "fingers1.r",
		inverseBindPose = { 0.000000, -0.000001, 1.000000, -21.000000, -1.000000, -0.000000, -0.000000, -12.000000, 0.000000, -1.000000, -0.000001, 0.000016, 0.000000, 0.000000, -0.000000, 1.000000, },
	},
	["thumb1.r"] = {
		parent = "arm.r",
		inverseBindPose = { 0.000001, -0.000001, 1.000000, -20.999994, -0.707107, -0.707107, 0.000000, -7.071067, 0.707107, -0.707107, -0.000001, 7.071083, -0.000000, 0.000000, -0.000000, 1.000000, },
	},
	["thumb2.r"] = {
		parent = "thumb1.r",
		inverseBindPose = { 0.000000, -0.000001, 1.000000, -20.999996, -0.894427, -0.447214, -0.000000, -10.285912, 0.447214, -0.894427, -0.000001, 4.024938, -0.000000, 0.000000, -0.000000, 1.000000, },
	},
	["shoulder.l"] = {
		parent = "body",
		inverseBindPose = { 0.000000, -0.000000, -1.000000, 21.000000, 1.000000, 0.000000, -0.000000, 0.000000, 0.000000, -1.000000, 0.000000, -0.000002, -0.000000, 0.000000, -0.000000, 1.000000, },
	},
	["arm.l"] = {
		parent = "shoulder.l",
		inverseBindPose = { 0.000000, -0.000000, -1.000000, 21.000000, 1.000000, 0.000000, -0.000000, -5.000000, 0.000000, -1.000000, 0.000000, -0.000002, -0.000000, 0.000000, -0.000000, 1.000000, },
	},
	["hand.l"] = {
		parent = "arm.l",
		inverseBindPose = { 0.000000, -0.000000, -1.000000, 21.000000, 1.000000, 0.000000, -0.000000, -10.000000, 0.000000, -1.000000, 0.000000, -0.000002, -0.000000, 0.000000, -0.000000, 1.000000, },
	},
	["fingers1.l"] = {
		parent = "hand.l",
		inverseBindPose = { 0.000000, -0.000000, -1.000000, 21.000000, 1.000000, 0.000000, -0.000000, -11.000000, 0.000000, -1.000000, 0.000000, -0.000002, -0.000000, 0.000000, -0.000000, 1.000000, },
	},
	["fingers2.l"] = {
		parent = "fingers1.l",
		inverseBindPose = { 0.000000, -0.000000, -1.000000, 21.000000, 1.000000, 0.000000, -0.000000, -12.000000, 0.000000, -1.000000, 0.000000, -0.000002, -0.000000, 0.000000, -0.000000, 1.000000, },
	},
	["thumb1.l"] = {
		parent = "arm.l",
		inverseBindPose = { -0.000000, -0.000000, -1.000000, 21.000000, 0.707107, -0.707107, -0.000000, -7.071067, -0.707107, -0.707107, 0.000000, 7.071066, -0.000000, 0.000000, -0.000000, 1.000000, },
	},
	["thumb2.l"] = {
		parent = "thumb1.l",
		inverseBindPose = { -0.000000, -0.000000, -1.000000, 21.000000, 0.894427, -0.447214, -0.000000, -10.285911, -0.447214, -0.894427, 0.000000, 4.024920, -0.000000, 0.000000, -0.000000, 1.000000, },
	},
	["head"] = {
		parent = "body",
		inverseBindPose = { 1.000000, -0.000000, 0.000000, -0.000000, -0.000000, 0.000000, 1.000000, -21.000000, 0.000000, -1.000000, 0.000000, -0.000000, -0.000000, 0.000000, -0.000000, 1.000000, },
	},
	["tongue1"] = {
		parent = "head",
		inverseBindPose = { 1.000000, -0.000000, -0.000000, 0.000002, -0.000000, -1.000000, -0.000000, 0.000000, -0.000000, -0.000000, -1.000000, 25.000000, -0.000000, 0.000000, -0.000000, 1.000000, },
	},
	["tongue2"] = {
		parent = "tongue1",
		inverseBindPose = { 1.000000, -0.000000, -0.000000, 0.000002, -0.000000, -1.000000, -0.000000, -6.000000, -0.000000, -0.000000, -1.000000, 25.000000, -0.000000, 0.000000, -0.000000, 1.000000, },
	},
	["Bone.027"] = {
		parent = "head",
		inverseBindPose = { 0.692308, -0.461538, 0.554700, -13.867504, -0.554700, -0.832050, -0.000000, -0.000000, 0.461539, -0.307692, -0.832050, 20.801256, -0.000000, 0.000000, -0.000000, 1.000000, },
	},
	["door.r"] = {
		parent = "Bone.027",
		inverseBindPose = { 0.832051, 0.000000, 0.554700, -12.203400, 0.000000, -1.000000, -0.000000, -3.000000, 0.554700, 0.000000, -0.832051, 21.910662, -0.000000, 0.000000, -0.000000, 1.000000, },
	},
	["Bone.029"] = {
		parent = "head",
		inverseBindPose = { 0.789352, 0.526235, -0.316228, 7.905696, 0.554700, -0.832050, -0.000000, 0.000001, -0.263118, -0.175412, -0.948683, 23.717081, -0.000000, 0.000000, -0.000000, 1.000000, },
	},
	["door.l"] = {
		parent = "Bone.029",
		inverseBindPose = { 0.948683, 0.000000, -0.316228, 6.008326, -0.000000, -1.000000, -0.000000, -2.999998, -0.316228, -0.000000, -0.948683, 24.349533, 0.000000, 0.000000, -0.000000, 1.000000, },
	},
	["Plane"] = {
		parent = "Armature",
		inverseBindPose = { 1.000000, -0.000000, 0.000000, -0.000000, -0.000000, 1.000000, -0.000000, 0.000000, 0.000000, -0.000000, 1.000000, -0.000000, -0.000000, 0.000000, -0.000000, 1.000000, },
	},
}
