{
	["Armature"] = {
		inverseBindPose = { 1.000000, -0.000000, 0.000000, -0.000000, -0.000000, 0.000000, -1.000000, 0.000000, 0.000000, 1.000000, 0.000000, -0.000000, -0.000000, 0.000000, -0.000000, 1.000000, },
	},
	["root"] = {
		parent = "Armature",
		inverseBindPose = { 1.000000, -0.000000, 0.000000, -0.000000, -0.000000, -1.000000, -0.000000, 0.000000, 0.000000, -0.000000, -1.000000, -0.000000, -0.000000, 0.000000, -0.000000, 1.000000, },
	},
	["head"] = {
		parent = "root",
		inverseBindPose = { 1.000000, -0.000000, 0.000000, -0.000000, -0.000000, -1.000000, -0.000000, -0.500000, 0.000000, -0.000000, -1.000000, -0.000000, -0.000000, 0.000000, -0.000000, 1.000000, },
	},
	["beak"] = {
		parent = "head",
		inverseBindPose = { 1.000000, -0.000000, 0.000000, -0.000000, -0.000000, -1.000000, -0.000000, -1.000000, 0.000000, -0.000000, -1.000000, -0.000000, -0.000000, 0.000000, -0.000000, 1.000000, },
	},
	["beak.b"] = {
		parent = "beak",
		inverseBindPose = { 1.000000, -0.000000, 0.000000, -0.000000, -0.000000, -1.000000, -0.000000, -2.000000, 0.000000, -0.000000, -1.000000, -0.000000, -0.000000, 0.000000, -0.000000, 1.000000, },
	},
	["Bone.005"] = {
		parent = "head",
		inverseBindPose = { 0.000000, 0.000000, -1.000000, 0.000000, -0.815180, -0.579207, -0.000000, -0.579207, -0.579207, 0.815180, -0.000000, 0.815180, -0.000000, 0.000000, 0.000000, 1.000000, },
	},
	["tentacle3"] = {
		parent = "Bone.005",
		inverseBindPose = { 0.000006, 0.000000, -1.000000, 0.000002, -0.046863, -0.998901, -0.000000, -1.251683, -0.998901, 0.046863, -0.000006, -0.275744, -0.000000, 0.000000, 0.000000, 1.000000, },
	},
	["tentacle3.b"] = {
		parent = "tentacle3",
		inverseBindPose = { 1.000000, 0.000000, 0.000000, 0.369267, 0.000000, -1.000000, -0.000000, -1.987006, 0.000000, -0.000000, -1.000000, -0.000000, -0.000000, 0.000000, -0.000000, 1.000000, },
	},
	["Bone.004"] = {
		parent = "head",
		inverseBindPose = { 0.000000, -0.000000, 1.000000, -0.000000, 0.776756, -0.629802, -0.000000, -0.629802, 0.629802, 0.776756, 0.000000, 0.776756, -0.000000, 0.000000, -0.000000, 1.000000, },
	},
	["tentacle2"] = {
		parent = "Bone.004",
		inverseBindPose = { 0.000005, -0.000000, 1.000000, -0.000002, 0.056559, -0.998399, -0.000000, -1.280138, 0.998399, 0.056559, -0.000005, -0.253308, -0.000000, 0.000000, -0.000000, 1.000000, },
	},
	["tentacle2.b"] = {
		parent = "tentacle2",
		inverseBindPose = { 1.000000, 0.000000, 0.000000, -0.369267, 0.000000, -1.000000, -0.000000, -2.039759, 0.000000, -0.000000, -1.000000, -0.000000, -0.000000, 0.000000, -0.000000, 1.000000, },
	},
	["Bone.008"] = {
		parent = "head",
		inverseBindPose = { -1.000000, 0.000000, 0.000000, 0.000000, -0.000000, -0.570396, 0.821370, -0.570396, 0.000000, 0.821370, 0.570396, 0.821370, -0.000000, 0.000000, -0.000000, 1.000000, },
	},
	["tentacle1"] = {
		parent = "Bone.008",
		inverseBindPose = { 1.000000, 0.000000, -0.000000, 0.000000, 0.000000, -0.999770, -0.021440, -1.212734, -0.000000, 0.021440, -0.999770, 0.342595, -0.000000, 0.000000, -0.000000, 1.000000, },
	},
	["tentacle1.b"] = {
		parent = "tentacle1",
		inverseBindPose = { 1.000000, 0.000000, 0.000000, -0.000000, 0.000000, -0.999999, -0.000000, -2.039758, 0.000000, 0.000000, -1.000000, 0.298930, -0.000000, 0.000000, -0.000000, 1.000000, },
	},
	["Bone.010"] = {
		parent = "head",
		inverseBindPose = { 1.000000, -0.000000, 0.000000, -0.000000, -0.000000, -0.627010, -0.779012, -0.627010, -0.000000, 0.779012, -0.627010, 0.779012, -0.000000, 0.000000, -0.000000, 1.000000, },
	},
	["tentacle4"] = {
		parent = "Bone.010",
		inverseBindPose = { 1.000000, 0.000000, -0.000001, -0.000000, -0.000000, -0.997846, -0.065604, -1.311007, -0.000001, 0.065604, -0.997846, -0.275060, -0.000000, 0.000000, 0.000000, 1.000000, },
	},
	["tentacle4.b"] = {
		parent = "tentacle4",
		inverseBindPose = { 1.000000, 0.000000, -0.000000, 0.000000, -0.000000, -1.000000, -0.000000, -2.092512, 0.000000, 0.000000, -1.000000, -0.413227, -0.000000, 0.000000, -0.000000, 1.000000, },
	},
}
