{
	["Armature"] = {
		inverseBindPose = { 1.000000, -0.000000, 0.000000, -0.000000, -0.000000, 1.000000, -0.000000, 0.000000, 0.000000, -0.000000, 1.000000, -0.000000, -0.000000, 0.000000, -0.000000, 1.000000, },
	},
	["root"] = {
		parent = "Armature",
		inverseBindPose = { 1.000000, -0.000000, 0.000000, -0.000000, -0.000000, 0.000000, 1.000000, 1.000000, 0.000000, -1.000000, 0.000000, -0.000000, -0.000000, 0.000000, -0.000000, 1.000000, },
	},
	["lump1"] = {
		parent = "root",
		inverseBindPose = { 0.719874, -0.000000, 0.694105, -0.000000, -0.694105, -0.000000, 0.719874, 0.000000, -0.000000, -1.000000, -0.000000, 0.000000, -0.000000, 0.000000, -0.000000, 1.000000, },
	},
	["lump2"] = {
		parent = "root",
		inverseBindPose = { 0.694566, 0.000000, -0.719429, -0.000000, 0.719429, -0.000000, 0.694566, 0.000000, 0.000000, -1.000000, -0.000000, -0.000000, -0.000000, 0.000000, -0.000000, 1.000000, },
	},
	["lump3"] = {
		parent = "root",
		inverseBindPose = { 0.999557, 0.024772, -0.016514, -0.000000, 0.029772, -0.831682, 0.554454, 0.000000, 0.000000, -0.554700, -0.832050, -0.000000, -0.000000, 0.000000, -0.000000, 1.000000, },
	},
	["lump4"] = {
		parent = "root",
		inverseBindPose = { 0.999557, -0.024772, -0.016514, -0.000000, 0.029772, 0.831681, 0.554454, -0.000000, -0.000000, -0.554700, 0.832050, -0.000000, -0.000000, 0.000000, -0.000000, 1.000000, },
	},
	["lump5"] = {
		parent = "root",
		inverseBindPose = { 0.999280, 0.026828, 0.026829, -0.000000, 0.037941, -0.706598, -0.706598, 0.000000, 0.000000, 0.707107, -0.707107, -0.000000, -0.000000, 0.000000, -0.000000, 1.000000, },
	},
	["lump6"] = {
		parent = "root",
		inverseBindPose = { 0.999280, -0.026828, 0.026828, -0.000000, 0.037941, 0.706598, -0.706598, 0.000000, -0.000000, 0.707107, 0.707107, -0.000000, -0.000000, 0.000000, -0.000000, 1.000000, },
	},
	["lump7"] = {
		parent = "root",
		inverseBindPose = { -0.568715, -0.000000, 0.822535, 0.000000, -0.822535, 0.000000, -0.568715, 0.000000, 0.000000, -1.000000, -0.000000, -0.000000, 0.000000, 0.000000, 0.000000, 1.000000, },
	},
	["lump8"] = {
		parent = "root",
		inverseBindPose = { -0.998822, 0.044682, 0.018933, -0.000000, -0.044533, -0.998974, 0.008224, 0.000000, 0.019281, 0.007371, 0.999787, -0.000000, -0.000000, 0.000000, -0.000000, 1.000000, },
	},
	["lump9"] = {
		parent = "root",
		inverseBindPose = { -0.541215, 0.000000, -0.840884, -0.000000, 0.840884, -0.000000, -0.541215, 0.000000, -0.000000, -1.000000, -0.000000, 0.000000, -0.000000, 0.000000, 0.000000, 1.000000, },
	},
	["lump11"] = {
		parent = "root",
		inverseBindPose = { 1.000000, -0.000000, 0.000000, -0.000000, -0.000000, 1.000000, -0.000000, 0.000000, 0.000000, -0.000000, 1.000000, -0.000000, -0.000000, 0.000000, -0.000000, 1.000000, },
	},
	["lump12"] = {
		parent = "root",
		inverseBindPose = { 0.000000, -0.000000, -1.000000, -0.000000, 1.000000, 0.000000, -0.000000, 0.000000, 0.000000, -1.000000, 0.000000, -0.000000, -0.000000, 0.000000, -0.000000, 1.000000, },
	},
	["lump13"] = {
		parent = "root",
		inverseBindPose = { 0.000000, 0.000000, 1.000000, -0.000000, -1.000000, 0.000000, -0.000000, 0.000000, 0.000000, -1.000000, 0.000000, -0.000000, -0.000000, 0.000000, -0.000000, 1.000000, },
	},
	["lump14"] = {
		parent = "root",
		inverseBindPose = { 0.500000, 0.500000, 0.707107, -0.000000, -0.707107, 0.707107, -0.000000, 0.000000, -0.500000, -0.500000, 0.707107, -0.000000, -0.000000, 0.000000, -0.000000, 1.000000, },
	},
	["lump15"] = {
		parent = "root",
		inverseBindPose = { 0.500000, -0.500000, -0.707107, -0.000000, 0.707107, 0.707107, -0.000000, 0.000000, 0.500000, -0.500000, 0.707107, -0.000000, -0.000000, 0.000000, -0.000000, 1.000000, },
	},
	["lump16"] = {
		parent = "root",
		inverseBindPose = { 0.500000, -0.500000, 0.707107, -0.000000, -0.707107, -0.707107, 0.000000, 0.000000, 0.500000, -0.500000, -0.707107, -0.000000, -0.000000, 0.000000, -0.000000, 1.000000, },
	},
	["lump17"] = {
		parent = "root",
		inverseBindPose = { 0.500000, 0.500000, -0.707107, -0.000000, 0.707107, -0.707107, 0.000000, 0.000000, -0.500000, -0.500000, -0.707107, 0.000000, -0.000000, 0.000000, -0.000000, 1.000000, },
	},
	["lump18"] = {
		parent = "root",
		inverseBindPose = { 1.000000, -0.000000, 0.000000, -0.000000, -0.000000, 0.000000, 1.000000, 0.000000, 0.000000, -1.000000, 0.000000, -0.000000, -0.000000, 0.000000, -0.000000, 1.000000, },
	},
	["lump19"] = {
		parent = "root",
		inverseBindPose = { 0.000000, 1.000000, 0.000000, -0.000000, -0.000000, 0.000000, -1.000000, 0.000000, -1.000000, 0.000000, 0.000000, -0.000000, -0.000000, 0.000000, -0.000000, 1.000000, },
	},
	["Cube"] = {
		parent = "Armature",
		inverseBindPose = { 1.000000, -0.000000, 0.000000, -0.000000, -0.000000, 1.000000, -0.000000, 0.000000, 0.000000, -0.000000, 1.000000, -0.000000, -0.000000, 0.000000, -0.000000, 1.000000, },
	},
}
