{
	["Armature"] = {
		inverseBindPose = { 1.000000, -0.000000, 0.000000, -0.000000, -0.000000, 1.000000, -0.000000, 0.800000, 0.000000, -0.000000, 1.000000, 1.000000, -0.000000, 0.000000, -0.000000, 1.000000, },
	},
	["Bone"] = {
		parent = "Armature",
		inverseBindPose = { 1.000000, -0.000000, 0.000000, -0.000000, -0.000000, 0.000000, 1.000000, 1.000000, 0.000000, -1.000000, 0.000000, -0.800000, -0.000000, 0.000000, -0.000000, 1.000000, },
	},
	["head"] = {
		parent = "Bone",
		inverseBindPose = { 1.000000, -0.000000, 0.000000, -0.000000, -0.000000, 1.000000, -0.000000, 0.800000, 0.000000, -0.000000, 1.000000, -0.000000, -0.000000, 0.000000, -0.000000, 1.000000, },
	},
	["body"] = {
		parent = "head",
		inverseBindPose = { 1.000000, -0.000000, 0.000000, -0.000000, -0.000000, 1.000000, -0.000000, 0.000000, 0.000000, -0.000000, 1.000000, -0.000000, -0.000000, 0.000000, -0.000000, 1.000000, },
	},
	["legs.odd.r"] = {
		parent = "head",
		inverseBindPose = { 0.124035, 0.992278, 0.000000, -0.000000, -0.992278, 0.124035, -0.000000, 0.000000, 0.000000, -0.000000, 1.000000, -0.000000, -0.000000, 0.000000, -0.000000, 1.000000, },
	},
	["legs.odd.l"] = {
		parent = "head",
		inverseBindPose = { 0.141421, -0.989949, 0.000000, -0.000000, 0.989949, 0.141421, -0.000000, 0.000000, 0.000000, -0.000000, 1.000000, -0.000000, -0.000000, 0.000000, -0.000000, 1.000000, },
	},
	["legs.even.l"] = {
		parent = "head",
		inverseBindPose = { -0.141421, -0.989949, 0.000000, -0.000000, 0.989949, -0.141421, -0.000000, 0.000000, 0.000000, -0.000000, 1.000000, -0.000000, -0.000000, 0.000000, -0.000000, 1.000000, },
	},
	["legs.event.r"] = {
		parent = "head",
		inverseBindPose = { -0.124035, 0.992278, 0.000000, -0.000000, -0.992278, -0.124035, -0.000000, 0.000000, 0.000000, -0.000000, 1.000000, -0.000000, -0.000000, 0.000000, -0.000000, 1.000000, },
	},
	["Cube"] = {
		parent = "Armature",
		inverseBindPose = { 1.000000, -0.000000, 0.000000, -0.000000, -0.000000, 1.000000, -0.000000, 0.800000, 0.000000, -0.000000, 1.000000, 1.000000, -0.000000, 0.000000, -0.000000, 1.000000, },
	},
}
