{
	["Armature"] = {
		inverseBindPose = { 1.000000, -0.000000, 0.000000, -0.000000, -0.000000, 0.000000, -1.000000, 0.000000, 0.000000, 1.000000, 0.000000, -0.000000, -0.000000, 0.000000, -0.000000, 1.000000, },
	},
	["root"] = {
		parent = "Armature",
		inverseBindPose = { 1.000000, -0.000000, 0.000000, 1.000000, -0.000000, 1.000000, -0.000000, 0.000000, 0.000000, -0.000000, 1.000000, -0.000000, -0.000000, 0.000000, -0.000000, 1.000000, },
	},
	["body"] = {
		parent = "root",
		inverseBindPose = { 0.000000, 0.000000, 1.000000, -0.000000, 1.000000, -0.000000, -0.000000, 1.000000, 0.000000, 1.000000, -0.000000, -0.500000, -0.000000, 0.000000, -0.000000, 1.000000, },
	},
	["neck"] = {
		parent = "body",
		inverseBindPose = { 0.000000, -0.000000, 1.000000, -0.000000, 0.164399, 0.986394, -0.000000, -0.580534, -0.986394, 0.164399, 0.000000, 0.441822, -0.000000, 0.000000, -0.000000, 1.000000, },
	},
	["head"] = {
		parent = "neck",
		inverseBindPose = { 0.000000, -0.000000, 1.000000, -0.000000, 0.164399, 0.986394, -0.000000, -1.340879, -0.986394, 0.164399, 0.000000, 0.441822, -0.000000, 0.000000, -0.000000, 1.000000, },
	},
	["front-hoof.r"] = {
		parent = "body",
		inverseBindPose = { -0.000000, 0.000000, -1.000000, 0.000000, -0.274721, -0.961524, 0.000000, 0.626708, -0.961524, 0.274721, 0.000000, 0.373449, -0.000000, 0.000000, -0.000000, 1.000000, },
	},
	["front-hoof.l"] = {
		parent = "body",
		inverseBindPose = { -0.000000, -0.000000, 1.000000, 0.000000, 0.600000, -0.800000, -0.000000, 0.081250, 0.800000, 0.600000, 0.000000, -0.725000, -0.000000, 0.000000, -0.000000, 1.000000, },
	},
	["tail.1"] = {
		parent = "root",
		inverseBindPose = { 0.000000, 0.000000, -1.000000, 0.000000, -0.371391, 0.928477, -0.000000, -0.835629, 0.928477, 0.371391, 0.000000, 0.742781, -0.000000, 0.000000, -0.000000, 1.000000, },
	},
	["tail.2"] = {
		parent = "tail.1",
		inverseBindPose = { -0.000000, -0.000000, -1.000000, 0.000000, -0.857493, 0.514496, -0.000000, -1.650674, 0.514496, 0.857493, -0.000000, -0.321560, -0.000000, -0.000000, 0.000000, 1.000000, },
	},
	["back-hoof.r"] = {
		parent = "root",
		inverseBindPose = { -0.000000, 0.000000, -0.999996, -0.000000, -0.216930, -0.976187, 0.000001, 0.271163, -0.976187, 0.216930, 0.000000, -1.084652, 0.000000, 0.000000, -0.000000, 1.000000, },
	},
	["back-hoof.l"] = {
		parent = "root",
		inverseBindPose = { 0.000000, 0.000000, 1.000000, 0.000000, 0.554700, -0.832051, -0.000000, 0.970726, 0.832050, 0.554700, -0.000000, 0.554700, -0.000000, 0.000000, -0.000000, 1.000000, },
	},
}
