{
	["Armature"] = {
		inverseBindPose = { 1.000000, -0.000000, 0.000000, -0.000000, -0.000000, 0.000000, -1.000000, 0.000000, 0.000000, 1.000000, 0.000000, -0.000000, -0.000000, 0.000000, -0.000000, 1.000000, },
	},
	["root"] = {
		parent = "Armature",
		inverseBindPose = { 1.000000, -0.000000, 0.000000, -0.000000, -0.000000, 1.000000, -0.000000, 0.000000, 0.000000, -0.000000, 1.000000, -0.000000, -0.000000, 0.000000, -0.000000, 1.000000, },
	},
	["topleg.r"] = {
		parent = "root",
		inverseBindPose = { 0.000000, -0.000000, -1.000000, 0.000000, -1.000000, 0.000000, -0.000000, 0.000000, 0.000000, 1.000000, -0.000000, -0.500000, -0.000000, 0.000000, -0.000000, 1.000000, },
	},
	["leg.r"] = {
		parent = "topleg.r",
		inverseBindPose = { 1.000000, 0.000000, -0.000000, 0.500000, -0.000000, -1.000000, 0.000000, 0.500000, -0.000000, -0.000000, -1.000000, -0.000000, 0.000000, 0.000000, -0.000000, 1.000000, },
	},
	["topleg.l"] = {
		parent = "root",
		inverseBindPose = { 0.000000, 0.000000, 1.000000, -0.000000, 1.000000, 0.000000, -0.000000, 0.000000, 0.000000, 1.000000, -0.000000, -0.500000, -0.000000, 0.000000, -0.000000, 1.000000, },
	},
	["leg.l"] = {
		parent = "topleg.l",
		inverseBindPose = { 1.000000, -0.000000, 0.000000, -0.250000, 0.000000, -1.000000, 0.000000, 0.500000, 0.000000, -0.000000, -1.000000, -0.000000, -0.000000, 0.000000, -0.000000, 1.000000, },
	},
	["body"] = {
		parent = "root",
		inverseBindPose = { -0.000000, -0.000000, -1.000000, 0.000000, -0.287348, 0.957826, -0.000000, -0.478913, 0.957826, 0.287348, -0.000000, -0.143674, -0.000000, -0.000000, 0.000000, 1.000000, },
	},
	["arm.r"] = {
		parent = "body",
		inverseBindPose = { 0.000000, 0.000000, 1.000000, -0.000000, 0.997785, -0.066519, -0.000000, 0.490578, 0.066519, 0.997785, -0.000000, -1.721179, -0.000000, 0.000000, -0.000000, 1.000000, },
	},
	["arm.l"] = {
		parent = "body",
		inverseBindPose = { 0.000000, 0.000000, 1.000000, -0.000000, 0.998968, -0.045407, -0.000000, 0.454076, 0.045408, 0.998969, -0.000000, -1.731167, -0.000000, 0.000000, -0.000000, 1.000000, },
	},
	["head"] = {
		parent = "body",
		inverseBindPose = { 0.000000, -0.000000, 1.000000, 0.000000, 0.351123, 0.936329, -0.000000, -1.506904, -0.936329, 0.351123, 0.000000, -0.965589, -0.000000, 0.000000, -0.000000, 1.000000, },
	},
	["Bone.009"] = {
		parent = "root",
		inverseBindPose = { -0.000000, 0.000000, -1.000000, -0.000000, -0.916157, -0.400819, 0.000000, 0.200409, -0.400819, 0.916157, 0.000000, -0.458079, -0.000000, 0.000000, -0.000000, 1.000000, },
	},
	["tail.1"] = {
		parent = "Bone.009",
		inverseBindPose = { 0.000000, -0.000000, -1.000000, 0.000000, -1.000000, 0.000000, 0.000000, -0.500000, 0.000000, 1.000000, -0.000000, -0.281250, -0.000000, 0.000000, 0.000000, 1.000000, },
	},
	["tail.2"] = {
		parent = "tail.1",
		inverseBindPose = { 0.000000, -0.000000, -1.000000, 0.000000, -1.000000, 0.000000, 0.000000, -1.187500, 0.000000, 1.000000, -0.000000, -0.281250, -0.000000, 0.000000, 0.000000, 1.000000, },
	},
	["tail.3"] = {
		parent = "tail.2",
		inverseBindPose = { 0.000000, -0.000000, -1.000000, 0.000000, -1.000000, 0.000000, 0.000000, -2.187500, 0.000000, 1.000000, -0.000000, -0.281250, -0.000000, 0.000000, 0.000000, 1.000000, },
	},
}
