{
	["Armature"] = {
		inverseBindPose = { 1.000000, -0.000000, 0.000000, -0.000000, -0.000000, 1.000000, -0.000000, 0.000000, 0.000000, -0.000000, 1.000000, -0.000000, -0.000000, 0.000000, -0.000000, 1.000000, },
	},
	["root"] = {
		parent = "Armature",
		inverseBindPose = { 1.000000, -0.000000, 0.000000, -0.000000, -0.000000, 0.000000, 1.000000, 0.000000, 0.000000, -1.000000, 0.000000, -0.000000, -0.000000, 0.000000, -0.000000, 1.000000, },
	},
	["body"] = {
		parent = "root",
		inverseBindPose = { 1.000000, -0.000000, 0.000000, -0.000000, -0.000000, 0.000000, 1.000000, -9.000000, 0.000000, -1.000000, 0.000000, -0.000000, -0.000000, 0.000000, -0.000000, 1.000000, },
	},
	["neck.m"] = {
		parent = "body",
		inverseBindPose = { 1.000000, -0.000000, 0.000000, -0.000000, -0.000000, 0.000000, 1.000000, -15.000000, 0.000000, -1.000000, 0.000000, -0.000000, -0.000000, 0.000000, -0.000000, 1.000000, },
	},
	["jaw.m"] = {
		parent = "neck.m",
		inverseBindPose = { 1.000000, -0.000000, 0.000000, -0.000004, -0.000000, -0.894427, -0.447214, 8.944271, 0.000000, 0.447214, -0.894427, 17.888546, -0.000000, 0.000000, -0.000000, 1.000000, },
	},
	["head.m"] = {
		parent = "neck.m",
		inverseBindPose = { 1.000000, 0.000000, 0.000000, -0.000009, -0.000000, -0.948683, 0.316228, -6.324557, 0.000000, -0.316228, -0.948683, 18.973665, -0.000000, 0.000000, -0.000000, 1.000000, },
	},
	["neck1.r"] = {
		parent = "body",
		inverseBindPose = { 0.000000, 0.000000, 1.000000, -15.000000, -1.000000, 0.000000, -0.000000, 0.000000, 0.000000, -1.000000, 0.000000, -0.000001, -0.000000, 0.000000, -0.000000, 1.000000, },
	},
	["neck2.r"] = {
		parent = "neck1.r",
		inverseBindPose = { 0.000000, 0.000000, 1.000000, -15.000000, -1.000000, 0.000000, 0.000000, -4.000000, 0.000000, -1.000000, 0.000000, -0.000001, -0.000000, 0.000000, -0.000000, 1.000000, },
	},
	["head.r"] = {
		parent = "neck2.r",
		inverseBindPose = { -0.000000, 0.000000, 1.000000, -15.000001, -0.554700, -0.832050, 0.000000, -4.437601, 0.832050, -0.554700, 0.000000, 6.656402, 0.000000, 0.000000, -0.000000, 1.000000, },
	},
	["jaw.r"] = {
		parent = "neck2.r",
		inverseBindPose = { -0.000000, -0.000000, 1.000000, -15.000001, 0.316228, -0.948683, 0.000000, 2.529822, 0.948683, 0.316228, 0.000000, 7.589466, -0.000000, 0.000000, -0.000000, 1.000000, },
	},
	["neck1.l"] = {
		parent = "body",
		inverseBindPose = { 0.000000, -0.000000, -1.000000, 15.000000, 1.000000, 0.000000, -0.000000, 0.000000, 0.000000, -1.000000, 0.000000, -0.000001, -0.000000, 0.000000, -0.000000, 1.000000, },
	},
	["neck2.l"] = {
		parent = "neck1.l",
		inverseBindPose = { 0.000000, -0.000000, -1.000000, 15.000000, 1.000000, 0.000000, -0.000000, -4.000000, 0.000000, -1.000000, 0.000000, -0.000001, -0.000000, 0.000000, -0.000000, 1.000000, },
	},
	["head.l"] = {
		parent = "neck2.l",
		inverseBindPose = { -0.000000, -0.000000, -1.000000, 15.000003, 0.242536, -0.970143, -0.000000, -2.182820, -0.970143, -0.242536, 0.000000, 8.731282, -0.000000, 0.000000, -0.000000, 1.000000, },
	},
	["jaw.l"] = {
		parent = "neck2.l",
		inverseBindPose = { -0.000000, 0.000000, -1.000000, 15.000001, -0.316228, -0.948683, 0.000000, 2.846049, -0.948683, 0.316228, 0.000000, 8.538149, -0.000000, 0.000000, -0.000000, 1.000000, },
	},
	["shoulder.r"] = {
		parent = "body",
		inverseBindPose = { -0.447214, -0.000000, 0.894427, -13.416409, -0.894427, -0.000000, -0.447214, 6.708203, 0.000000, -1.000000, -0.000000, 0.000002, 0.000000, 0.000000, 0.000000, 1.000000, },
	},
	["arm.r"] = {
		parent = "shoulder.r",
		inverseBindPose = { -0.447214, 0.000000, 0.894427, -13.416409, 0.000000, -1.000000, 0.000000, 0.000000, 0.894427, 0.000000, 0.447213, -2.236065, -0.000000, 0.000000, -0.000000, 1.000000, },
	},
	["hand.r"] = {
		parent = "arm.r",
		inverseBindPose = { -0.447214, -0.632456, 0.632455, -11.908142, 0.000000, -0.707107, -0.707107, 7.071068, 0.894427, -0.316228, 0.316228, -1.481936, -0.000000, 0.000000, -0.000000, 1.000000, },
	},
	["shoulder.l"] = {
		parent = "body",
		inverseBindPose = { -0.371391, 0.000000, -0.928477, 13.927151, 0.928477, 0.000000, -0.371391, 5.570860, -0.000000, -1.000000, -0.000000, 0.000001, -0.000000, 0.000000, 0.000000, 1.000000, },
	},
	["arm.l"] = {
		parent = "shoulder.l",
		inverseBindPose = { -0.371391, 0.000000, -0.928477, 13.927151, -0.000000, -1.000000, 0.000000, 0.000000, -0.928477, -0.000000, 0.371391, -0.185693, -0.000000, 0.000000, -0.000000, 1.000000, },
	},
	["hand.l"] = {
		parent = "arm.l",
		inverseBindPose = { -0.371390, 0.656532, -0.656532, 12.361467, -0.000000, -0.707107, -0.707107, 7.071068, -0.928477, -0.262613, 0.262613, 0.440582, 0.000000, 0.000000, 0.000000, 1.000000, },
	},
	["Bone.013"] = {
		parent = "root",
		inverseBindPose = { 0.000000, -0.000000, -1.000000, 9.000000, 1.000000, 0.000000, -0.000000, 0.000000, 0.000000, -1.000000, 0.000000, -0.000001, -0.000000, 0.000000, -0.000000, 1.000000, },
	},
	["leg.l"] = {
		parent = "Bone.013",
		inverseBindPose = { -1.000000, -0.000000, 0.000000, 2.000000, -0.000000, -0.000000, -1.000000, 9.000000, 0.000000, -1.000000, 0.000000, -0.000000, -0.000000, 0.000000, -0.000000, 1.000000, },
	},
	["foot.l"] = {
		parent = "leg.l",
		inverseBindPose = { -1.000000, -0.000000, -0.000000, 2.000000, 0.000000, -1.000000, 0.000000, -0.000000, 0.000000, 0.000000, 1.000000, -1.000000, -0.000000, 0.000000, -0.000000, 1.000000, },
	},
	["Bone.014"] = {
		parent = "root",
		inverseBindPose = { 0.000000, 0.000000, 1.000000, -9.000000, -1.000000, 0.000000, -0.000000, 0.000000, 0.000000, -1.000000, 0.000000, -0.000001, -0.000000, 0.000000, -0.000000, 1.000000, },
	},
	["leg.r"] = {
		parent = "Bone.014",
		inverseBindPose = { -1.000000, -0.000000, 0.000000, -2.000000, 0.000000, 0.000000, -1.000000, 9.000000, 0.000000, -1.000000, 0.000000, 0.000000, -0.000000, 0.000000, -0.000000, 1.000000, },
	},
	["foot.r"] = {
		parent = "leg.r",
		inverseBindPose = { -1.000000, 0.000000, -0.000000, -2.000000, -0.000000, -1.000000, 0.000000, -0.000000, -0.000000, -0.000000, 1.000000, -1.000000, -0.000000, 0.000000, -0.000000, 1.000000, },
	},
	["tail1"] = {
		parent = "root",
		inverseBindPose = { 1.000000, -0.000000, 0.000000, -0.000000, -0.000000, 1.000000, -0.000000, 0.000000, 0.000000, -0.000000, 1.000000, -9.000000, -0.000000, 0.000000, -0.000000, 1.000000, },
	},
	["tail2"] = {
		parent = "tail1",
		inverseBindPose = { 1.000000, -0.000000, 0.000000, -0.000000, -0.000000, 1.000000, -0.000000, -7.000000, 0.000000, -0.000000, 1.000000, -9.000000, -0.000000, 0.000000, -0.000000, 1.000000, },
	},
	["tail3"] = {
		parent = "tail2",
		inverseBindPose = { 1.000000, -0.000000, 0.000000, -0.000000, -0.000000, 1.000000, -0.000000, -13.000000, 0.000000, -0.000000, 1.000000, -9.000000, -0.000000, 0.000000, -0.000000, 1.000000, },
	},
	["Cube"] = {
		parent = "Armature",
		inverseBindPose = { 1.000000, -0.000000, 0.000000, -0.000000, -0.000000, 1.000000, -0.000000, 0.000000, 0.000000, -0.000000, 1.000000, -0.000000, -0.000000, 0.000000, -0.000000, 1.000000, },
	},
}
