{
	["Armature"] = {
		inverseBindPose = { 1.000000, -0.000000, 0.000000, -0.000000, -0.000000, 0.000000, -1.000000, 0.000000, 0.000000, 1.000000, 0.000000, -0.000000, -0.000000, 0.000000, -0.000000, 1.000000, },
	},
	["root"] = {
		parent = "Armature",
		inverseBindPose = { 0.980581, 0.196116, 0.000000, -0.000000, -0.196116, 0.980581, 0.000000, 0.000000, 0.000000, 0.000000, 1.000000, -0.000000, -0.000000, 0.000000, -0.000000, 1.000000, },
	},
	["body"] = {
		parent = "root",
		inverseBindPose = { -0.000000, 0.000000, 1.000000, -0.000000, 1.000000, -0.000000, -0.000000, 0.031250, 0.000000, 1.000000, -0.000000, -0.156250, -0.000000, 0.000000, -0.000000, 1.000000, },
	},
	["head"] = {
		parent = "body",
		inverseBindPose = { -0.000000, 0.000000, 1.000000, 0.000000, 0.287348, 0.957826, 0.000000, -0.266395, -0.957826, 0.287348, 0.000000, 0.344219, -0.000000, 0.000000, -0.000000, 1.000000, },
	},
	["eye.l"] = {
		parent = "head",
		inverseBindPose = { 0.000000, 0.000000, -1.000000, -0.000000, -0.514496, 0.857492, 0.000000, -0.364434, 0.857493, 0.514496, 0.000000, -0.911086, -0.000000, 0.000000, -0.000000, 1.000000, },
	},
	["eye,r"] = {
		parent = "head",
		inverseBindPose = { 0.000000, -0.000000, 1.000000, -0.000000, 0.514496, 0.857493, 0.000000, -0.975398, -0.857493, 0.514496, 0.000000, 0.107187, -0.000000, 0.000000, -0.000000, 1.000000, },
	},
	["thing.l"] = {
		parent = "head",
		inverseBindPose = { -0.000000, 0.000000, -1.000000, 0.000000, -0.536875, -0.843662, -0.000000, 0.977880, -0.843664, 0.536877, 0.000000, 0.081490, -0.000000, 0.000000, -0.000000, 1.000000, },
	},
	["thing.r"] = {
		parent = "head",
		inverseBindPose = { -0.000000, -0.000000, 1.000000, 0.000000, 0.554700, -0.832050, -0.000000, 0.320686, 0.832050, 0.554700, 0.000000, -0.927389, -0.000000, 0.000000, -0.000000, 1.000000, },
	},
	["shell"] = {
		parent = "root",
		inverseBindPose = { -0.000000, -0.000000, -1.000000, 0.000000, -0.485643, 0.874157, 0.000000, -0.151763, 0.874157, 0.485643, -0.000000, -0.048564, -0.000000, -0.000000, 0.000000, 1.000000, },
	},
}
