{
	["Armature"] = {
		inverseBindPose = { 1.000000, -0.000000, 0.000000, -0.000000, -0.000000, 1.000000, -0.000000, 0.000000, 0.000000, -0.000000, 1.000000, -0.000000, -0.000000, 0.000000, -0.000000, 1.000000, },
	},
	["root"] = {
		parent = "Armature",
		inverseBindPose = { 1.000000, -0.000000, 0.000000, -0.000000, -0.000000, 0.000000, 1.000000, 0.000000, 0.000000, -1.000000, 0.000000, -0.000000, -0.000000, 0.000000, -0.000000, 1.000000, },
	},
	["center"] = {
		parent = "root",
		inverseBindPose = { 1.000000, -0.000000, 0.000000, -0.000000, -0.000000, 0.000000, 1.000000, -0.400000, 0.000000, -1.000000, 0.000000, -0.000000, -0.000000, 0.000000, -0.000000, 1.000000, },
	},
	["abdomen"] = {
		parent = "center",
		inverseBindPose = { 1.000000, -0.000000, 0.000000, -0.000000, -0.000000, 1.000000, -0.000000, 0.000000, 0.000000, -0.000000, 1.000000, -1.000000, -0.000000, 0.000000, -0.000000, 1.000000, },
	},
	["body"] = {
		parent = "center",
		inverseBindPose = { 1.000000, 0.000000, 0.000001, -0.000001, -0.000000, -0.884918, 0.465746, -0.465746, 0.000001, -0.465746, -0.884918, 0.884918, -0.000000, 0.000000, -0.000000, 1.000000, },
	},
	["head"] = {
		parent = "body",
		inverseBindPose = { 1.000000, -0.000000, 0.000001, -0.000003, -0.000000, -0.948683, -0.316228, -1.170043, 0.000001, 0.316228, -0.948683, 2.498199, -0.000000, 0.000000, -0.000000, 1.000000, },
	},
	["mandible.l"] = {
		parent = "body",
		inverseBindPose = { 0.769224, 0.615379, -0.172056, 1.513333, 0.624695, -0.780869, -0.000000, -1.483651, -0.134354, -0.107483, -0.985087, 1.765957, -0.000000, 0.000000, -0.000000, 1.000000, },
	},
	["mandible.r"] = {
		parent = "body",
		inverseBindPose = { 0.769224, -0.615379, 0.172058, -1.513335, -0.624695, -0.780869, -0.000000, -1.483651, 0.134355, -0.107484, -0.985087, 1.765955, -0.000000, 0.000000, -0.000000, 1.000000, },
	},
	["legA1.L"] = {
		parent = "center",
		inverseBindPose = { 0.721982, 0.229446, -0.652761, 0.652761, 0.576683, -0.720854, 0.384455, -0.384455, -0.382333, -0.654006, -0.652761, 0.652761, -0.000000, 0.000000, -0.000000, 1.000000, },
	},
	["legA2.L"] = {
		parent = "legA1.L",
		inverseBindPose = { 0.084456, 0.591095, -0.802169, 2.229197, 0.744378, -0.572598, -0.343559, -1.133744, -0.662396, -0.568101, -0.488357, 0.821768, -0.000000, 0.000000, -0.000000, 1.000000, },
	},
	["legA3.L"] = {
		parent = "legA2.L",
		inverseBindPose = { -0.309214, 0.580889, -0.752964, 3.128815, 0.473879, -0.592349, -0.651584, -1.883669, -0.824515, -0.558293, -0.092109, 0.776087, -0.000000, 0.000000, 0.000000, 1.000000, },
	},
	["legB1.L"] = {
		parent = "center",
		inverseBindPose = { 0.650401, 0.262992, -0.712610, 0.712610, 0.727607, -0.485071, 0.485071, -0.485071, -0.218097, -0.833991, -0.506846, 0.506846, -0.000000, 0.000000, -0.000000, 1.000000, },
	},
	["legB2.L"] = {
		parent = "legB1.L",
		inverseBindPose = { -0.180169, 0.527692, -0.830108, 2.132551, 0.857194, -0.329690, -0.395628, -0.580255, -0.482449, -0.782844, -0.392935, 0.659946, -0.000000, 0.000000, 0.000000, 1.000000, },
	},
	["legB3.L"] = {
		parent = "legB2.L",
		inverseBindPose = { -0.670609, 0.558943, -0.487715, 2.988407, 0.588172, 0.000000, -0.808736, -0.499946, -0.452037, -0.829206, -0.328755, 0.446631, -0.000000, 0.000000, 0.000000, 1.000000, },
	},
	["legC1.L"] = {
		parent = "center",
		inverseBindPose = { 0.359751, 0.622310, -0.695204, 0.695204, 0.824163, 0.137360, 0.549442, -0.549442, 0.437417, -0.770624, -0.463470, 0.463470, -0.000000, 0.000000, -0.000000, 1.000000, },
	},
	["legC2.L"] = {
		parent = "legC1.L",
		inverseBindPose = { -0.544120, 0.522380, -0.656546, 1.730251, 0.837404, 0.386494, -0.386494, -0.386494, 0.051854, -0.760093, -0.647742, 1.255728, -0.000000, 0.000000, -0.000000, 1.000000, },
	},
	["legC3.L"] = {
		parent = "legC2.L",
		inverseBindPose = { -0.781451, 0.531611, -0.326686, 1.920362, 0.552052, 0.345033, -0.759072, -0.745271, -0.290814, -0.773525, -0.563103, 2.021579, -0.000000, 0.000000, 0.000000, 1.000000, },
	},
	["legD1.L"] = {
		parent = "center",
		inverseBindPose = { 0.696271, -0.278418, -0.661581, 0.661581, 0.661581, 0.606450, 0.441054, -0.441054, 0.278418, -0.744783, 0.606450, -0.606450, -0.000000, 0.000000, -0.000000, 1.000000, },
	},
	["legD2.L"] = {
		parent = "legD1.L",
		inverseBindPose = { -0.045493, -0.600072, -0.798652, 2.152243, 0.815693, 0.439219, -0.376474, -0.784320, 0.576694, -0.668581, 0.469493, -0.801682, -0.000000, 0.000000, -0.000000, 1.000000, },
	},
	["legD3.L"] = {
		parent = "legD2.L",
		inverseBindPose = { -0.466315, -0.626931, -0.624107, 3.043190, 0.552052, 0.345033, -0.759072, -1.090303, 0.691223, -0.698506, 0.185205, -0.692992, -0.000000, 0.000000, -0.000000, 1.000000, },
	},
	["legA1.R"] = {
		parent = "center",
		inverseBindPose = { 0.721982, -0.229446, 0.652761, -0.652761, -0.576683, -0.720854, 0.384455, -0.384455, 0.382333, -0.654006, -0.652761, 0.652761, -0.000000, 0.000000, -0.000000, 1.000000, },
	},
	["legA2.R"] = {
		parent = "legA1.R",
		inverseBindPose = { 0.084456, -0.591095, 0.802169, -2.229197, -0.744378, -0.572598, -0.343559, -1.133744, 0.662396, -0.568101, -0.488357, 0.821768, -0.000000, 0.000000, -0.000000, 1.000000, },
	},
	["legA3.R"] = {
		parent = "legA2.R",
		inverseBindPose = { -0.309214, -0.580889, 0.752964, -3.128815, -0.473879, -0.592349, -0.651584, -1.883669, 0.824515, -0.558293, -0.092108, 0.776086, -0.000000, 0.000000, -0.000000, 1.000000, },
	},
	["legB1.R"] = {
		parent = "center",
		inverseBindPose = { 0.650401, -0.262992, 0.712610, -0.712610, -0.727607, -0.485071, 0.485071, -0.485071, 0.218097, -0.833991, -0.506846, 0.506846, -0.000000, 0.000000, -0.000000, 1.000000, },
	},
	["legB2.R"] = {
		parent = "legB1.R",
		inverseBindPose = { -0.347486, -0.558943, 0.752886, -2.219331, -0.907959, -0.000000, -0.419058, -0.335246, 0.234230, -0.829206, -0.507498, 0.531206, 0.000000, 0.000000, 0.000000, 1.000000, },
	},
	["legB3.R"] = {
		parent = "legB2.R",
		inverseBindPose = { -0.670609, -0.558943, 0.487716, -2.708935, -0.588172, 0.000000, -0.808736, -0.499946, 0.452037, -0.829206, -0.328754, 0.861233, -0.000000, 0.000000, -0.000000, 1.000000, },
	},
	["legC1.R"] = {
		parent = "center",
		inverseBindPose = { 0.359751, -0.622310, 0.695204, -0.695204, -0.824163, 0.137360, 0.549442, -0.549442, -0.437417, -0.770624, -0.463470, 0.463470, 0.000000, 0.000000, -0.000000, 1.000000, },
	},
	["legC2.R"] = {
		parent = "legC1.R",
		inverseBindPose = { -0.544120, -0.522380, 0.656546, -1.730251, -0.837404, 0.386494, -0.386494, -0.386494, -0.051854, -0.760093, -0.647742, 1.255728, 0.000000, 0.000000, -0.000000, 1.000000, },
	},
	["legC3.R"] = {
		parent = "legC2.R",
		inverseBindPose = { -0.781451, -0.531611, 0.326686, -1.920362, -0.552052, 0.345033, -0.759072, -0.745271, 0.290814, -0.773525, -0.563103, 2.021579, 0.000000, 0.000000, 0.000000, 1.000000, },
	},
	["legD1.R"] = {
		parent = "center",
		inverseBindPose = { 0.696271, 0.278418, 0.661581, -0.661581, -0.661581, 0.606450, 0.441054, -0.441054, -0.278418, -0.744783, 0.606450, -0.606450, -0.000000, 0.000000, -0.000000, 1.000000, },
	},
	["legD2.R"] = {
		parent = "legD1.R",
		inverseBindPose = { -0.016049, 0.583101, 0.812241, -2.122704, -0.792624, 0.487769, -0.365826, -0.829207, -0.609500, -0.649673, 0.454352, -0.834593, -0.000000, 0.000000, -0.000000, 1.000000, },
	},
	["legD3.R"] = {
		parent = "legD2.R",
		inverseBindPose = { -0.491024, 0.640812, 0.590131, -3.153261, -0.564276, 0.282138, -0.775880, -1.015698, -0.663692, -0.713973, 0.223059, -0.570353, -0.000000, 0.000000, -0.000000, 1.000000, },
	},
	["Plane"] = {
		parent = "Armature",
		inverseBindPose = { 1.000000, -0.000000, 0.000000, -0.000000, -0.000000, 1.000000, -0.000000, 0.000000, 0.000000, -0.000000, 1.000000, -0.000000, -0.000000, 0.000000, -0.000000, 1.000000, },
	},
}
