{
	["Armature"] = {
		inverseBindPose = { 1.000000, -0.000000, 0.000000, -0.000000, -0.000000, 0.000000, -1.000000, 0.000000, 0.000000, 1.000000, 0.000000, -0.000000, -0.000000, 0.000000, -0.000000, 1.000000, },
	},
	["root"] = {
		parent = "Armature",
		inverseBindPose = { 1.000000, -0.000000, 0.000000, -0.000000, -0.000000, 1.000000, -0.000000, 0.000000, 0.000000, -0.000000, 1.000000, 2.000000, -0.000000, 0.000000, -0.000000, 1.000000, },
	},
	["root-to-body"] = {
		parent = "root",
		inverseBindPose = { 1.000000, -0.000000, 0.000000, -0.000000, -0.000000, 0.894427, -0.447214, -1.788855, 0.000000, 0.447214, 0.894427, 1.341641, -0.000000, 0.000000, -0.000000, 1.000000, },
	},
	["tail1"] = {
		parent = "root-to-body",
		inverseBindPose = { 1.000000, -0.000000, 0.000000, -0.000000, -0.000000, -0.707107, -0.707107, -0.353554, 0.000000, 0.707107, -0.707107, -3.181981, -0.000000, 0.000000, -0.000000, 1.000000, },
	},
	["tail2"] = {
		parent = "tail1",
		inverseBindPose = { 1.000000, -0.000000, 0.000000, 0.000001, 0.000000, -0.447214, -0.894428, -2.683282, 0.000000, 0.894427, -0.447214, -2.459675, -0.000000, 0.000000, -0.000000, 1.000000, },
	},
	["tail3"] = {
		parent = "tail2",
		inverseBindPose = { 1.000000, -0.000000, 0.000000, 0.000000, -0.000000, -0.000000, -1.000000, -4.500000, -0.000000, 1.000000, 0.000000, -0.500000, -0.000000, 0.000000, -0.000000, 1.000000, },
	},
	["body"] = {
		parent = "root-to-body",
		inverseBindPose = { -1.000000, 0.000000, 0.000000, -0.000000, 0.000000, -0.000000, 1.000000, 2.500000, 0.000000, 1.000000, 0.000000, -2.000000, -0.000000, 0.000000, -0.000000, 1.000000, },
	},
	["neck1"] = {
		parent = "body",
		inverseBindPose = { -1.000000, 0.000000, 0.000000, -0.000001, -0.000000, -0.242536, 0.970142, 0.000000, 0.000000, 0.970143, 0.242536, -2.061553, -0.000000, 0.000000, -0.000000, 1.000000, },
	},
	["neck2"] = {
		parent = "neck1",
		inverseBindPose = { -1.000000, 0.000000, -0.000000, 0.000000, 0.000000, 0.707107, 0.707107, -2.828427, 0.000000, 0.707107, -0.707107, 0.707107, -0.000000, 0.000000, -0.000000, 1.000000, },
	},
	["neck3"] = {
		parent = "neck2",
		inverseBindPose = { 1.000000, 0.000000, -0.000000, 0.000000, 0.000000, 1.000000, 0.000000, -2.500000, -0.000000, -0.000000, 1.000000, -3.500000, -0.000000, 0.000000, -0.000000, 1.000000, },
	},
	["neck4"] = {
		parent = "neck3",
		inverseBindPose = { -1.000000, 0.000000, -0.000000, -0.000001, -0.000000, 0.316227, 0.948684, -4.427191, 0.000000, 0.948684, -0.316228, -2.213595, -0.000000, 0.000000, -0.000000, 1.000000, },
	},
	["head"] = {
		parent = "neck4",
		inverseBindPose = { -1.000000, -0.000000, -0.000000, 0.000000, -0.000000, 0.000000, 1.000001, -5.000004, 0.000000, 1.000000, -0.000000, -3.999999, -0.000000, 0.000000, 0.000000, 1.000000, },
	},
	["jaw"] = {
		parent = "neck4",
		inverseBindPose = { -1.000000, 0.000000, 0.000000, -0.000002, -0.000000, -0.316227, 0.948684, -3.478510, 0.000000, 0.948684, 0.316228, -5.375872, -0.000000, 0.000000, -0.000000, 1.000000, },
	},
	["tongue"] = {
		parent = "neck4",
		inverseBindPose = { -1.000000, 0.000002, 0.000000, -0.000008, -0.000000, -0.179941, 0.983678, -4.198627, 0.000002, 0.983678, 0.179941, -4.834414, -0.000000, 0.000000, -0.000000, 1.000000, },
	},
	["wing1.r"] = {
		parent = "body",
		inverseBindPose = { -0.000000, -0.000000, -1.000000, 0.500000, -0.707107, 0.707107, 0.000000, -1.414213, 0.707107, 0.707107, -0.000000, -1.414214, -0.000000, 0.000000, 0.000000, 1.000000, },
	},
	["wing2.r"] = {
		parent = "wing1.r",
		inverseBindPose = { 0.000000, 0.000000, -1.000000, 0.499999, -0.961524, 0.274721, 0.000000, -3.640055, 0.274721, 0.961524, 0.000000, -3.640055, -0.000000, 0.000000, -0.000000, 1.000000, },
	},
	["wing3.r"] = {
		parent = "wing2.r",
		inverseBindPose = { -0.000000, -0.000000, -1.000000, 0.500000, -0.970143, 0.242536, 0.000000, -7.154801, 0.242535, 0.970143, 0.000000, -3.880571, -0.000000, 0.000000, -0.000000, 1.000000, },
	},
	["wing1.l"] = {
		parent = "body",
		inverseBindPose = { -0.000000, 0.000000, 1.000000, -0.500000, 0.780869, 0.624695, -0.000000, -1.249390, -0.624695, 0.780869, 0.000000, -1.561738, -0.000000, 0.000000, -0.000000, 1.000000, },
	},
	["wing2.l"] = {
		parent = "wing1.l",
		inverseBindPose = { 0.000000, -0.000000, 1.000000, -0.500000, 0.919145, 0.393919, -0.000000, -3.873539, -0.393919, 0.919145, 0.000000, -2.691782, -0.000000, 0.000000, -0.000000, 1.000000, },
	},
	["wing3.l"] = {
		parent = "wing2.l",
		inverseBindPose = { -0.000000, 0.000000, 1.000000, -0.500000, 0.948683, 0.316228, -0.000000, -7.431352, -0.316228, 0.948683, -0.000000, -3.320390, -0.000000, 0.000000, -0.000000, 1.000000, },
	},
	["shoulder.fl"] = {
		parent = "body",
		inverseBindPose = { 0.000000, 0.000000, 1.000000, -0.500000, 1.000000, -0.000000, -0.000000, 0.000000, 0.000000, 1.000000, 0.000000, -2.000000, -0.000000, 0.000000, -0.000000, 1.000000, },
	},
	["leg.fl"] = {
		parent = "shoulder.fl",
		inverseBindPose = { 1.000000, -0.000000, -0.000000, -1.000000, -0.000000, -1.000000, -0.000000, 2.000000, -0.000000, 0.000000, -1.000000, 0.500000, 0.000000, 0.000000, 0.000000, 1.000000, },
	},
	["foot.fl"] = {
		parent = "leg.fl",
		inverseBindPose = { -1.000000, -0.000000, 0.000000, 1.000000, 0.000000, 0.000000, 1.000000, -0.500000, -0.000000, 1.000000, 0.000000, 0.000000, -0.000000, -0.000000, -0.000000, 1.000000, },
	},
	["shoulder.fr"] = {
		parent = "body",
		inverseBindPose = { -0.000000, -0.000000, -1.000000, 0.500000, -1.000000, -0.000000, -0.000000, -0.000000, 0.000000, 1.000000, 0.000000, -2.000000, -0.000000, 0.000000, -0.000000, 1.000000, },
	},
	["leg.fr"] = {
		parent = "shoulder.fr",
		inverseBindPose = { 1.000000, -0.000000, 0.000000, 1.000000, -0.000000, -1.000000, -0.000000, 2.000000, 0.000000, -0.000000, -1.000000, 0.500000, -0.000000, 0.000000, -0.000000, 1.000000, },
	},
	["foot.fr"] = {
		parent = "leg.fr",
		inverseBindPose = { -1.000000, 0.000000, -0.000000, -1.000000, 0.000000, 0.000000, 1.000000, -0.500000, 0.000000, 1.000000, 0.000000, 0.000000, -0.000000, 0.000000, -0.000000, 1.000000, },
	},
	["shoulder.bl"] = {
		parent = "root-to-body",
		inverseBindPose = { 0.000000, 0.000000, 1.000000, 2.500000, 1.000000, 0.000000, -0.000000, 0.000000, 0.000000, 1.000000, 0.000000, -2.000000, -0.000000, 0.000000, -0.000000, 1.000000, },
	},
	["leg.bl"] = {
		parent = "shoulder.bl",
		inverseBindPose = { 1.000000, 0.000000, 0.000000, -1.000000, 0.000000, -1.000000, -0.000000, 2.000000, 0.000000, -0.000000, -1.000000, -2.500000, -0.000000, 0.000000, -0.000000, 1.000000, },
	},
	["foot.bl"] = {
		parent = "leg.bl",
		inverseBindPose = { -1.000000, 0.000000, 0.000000, 1.000000, 0.000000, 0.000000, 1.000000, 2.500000, 0.000000, 1.000000, 0.000000, 0.000000, -0.000000, 0.000000, -0.000000, 1.000000, },
	},
	["shoulder.br"] = {
		parent = "root-to-body",
		inverseBindPose = { 0.000000, -0.000000, -1.000000, -2.500000, -1.000000, 0.000000, -0.000000, 0.000000, 0.000000, 1.000000, 0.000000, -2.000000, -0.000000, 0.000000, -0.000000, 1.000000, },
	},
	["leg.br"] = {
		parent = "shoulder.br",
		inverseBindPose = { 1.000000, -0.000000, -0.000000, 1.000000, -0.000000, -1.000000, -0.000000, 2.000000, -0.000000, -0.000000, -1.000000, -2.500000, -0.000000, 0.000000, -0.000000, 1.000000, },
	},
	["foot.br"] = {
		parent = "leg.br",
		inverseBindPose = { -1.000000, -0.000000, -0.000000, -1.000000, -0.000000, 0.000000, 1.000000, 2.500000, -0.000000, 1.000000, 0.000000, 0.000000, 0.000000, 0.000000, -0.000000, 1.000000, },
	},
}
