{
	["Armature"] = {
		inverseBindPose = { 1.000000, -0.000000, 0.000000, -0.000000, -0.000000, 1.000000, -0.000000, 0.000000, 0.000000, -0.000000, 1.000000, -0.000000, -0.000000, 0.000000, -0.000000, 1.000000, },
	},
	["root"] = {
		parent = "Armature",
		inverseBindPose = { 1.000000, -0.000000, 0.000000, -0.000000, -0.000000, 0.000000, 1.000000, 0.000000, 0.000000, -1.000000, 0.000000, -0.000000, -0.000000, 0.000000, -0.000000, 1.000000, },
	},
	["body1"] = {
		parent = "root",
		inverseBindPose = { 1.000000, -0.000000, 0.000000, -0.000000, -0.000000, 0.000000, 1.000000, -1.000000, 0.000000, -1.000000, 0.000000, -0.000000, -0.000000, 0.000000, -0.000000, 1.000000, },
	},
	["body2"] = {
		parent = "body1",
		inverseBindPose = { 1.000000, -0.000000, 0.000000, -0.000000, -0.000000, 0.000000, 1.000000, -3.100000, 0.000000, -1.000000, 0.000000, -0.000000, -0.000000, 0.000000, -0.000000, 1.000000, },
	},
	["shoulder.r"] = {
		parent = "body2",
		inverseBindPose = { -0.301131, -0.000000, 0.953583, -5.244706, -0.953583, 0.000000, -0.301131, 1.656221, 0.000000, -1.000000, -0.000000, 0.000001, -0.000000, 0.000000, -0.000000, 1.000000, },
	},
	["arm.r"] = {
		parent = "shoulder.r",
		inverseBindPose = { -0.000000, -0.000000, 1.000000, -4.900001, -1.000000, 0.000000, 0.000000, -1.900002, -0.000000, -1.000000, -0.000000, 0.000001, 0.000000, 0.000000, -0.000000, 1.000000, },
	},
	["hand.r"] = {
		parent = "arm.r",
		inverseBindPose = { -0.000000, -0.000001, 1.000000, -4.900001, -1.000000, 0.000000, 0.000000, -3.400002, -0.000000, -1.000000, -0.000001, 0.000003, 0.000000, 0.000000, -0.000000, 1.000000, },
	},
	["head"] = {
		parent = "body2",
		inverseBindPose = { 1.000000, -0.000000, 0.000000, -0.000000, -0.000000, 0.000000, 1.000000, -5.500000, 0.000000, -1.000000, 0.000000, -0.000000, -0.000000, 0.000000, -0.000000, 1.000000, },
	},
	["eye.r"] = {
		parent = "head",
		inverseBindPose = { 0.656618, -0.554172, 0.511612, -3.785926, -0.527817, -0.822176, -0.213157, 1.577361, 0.538760, -0.130075, -0.832357, 6.159441, -0.000000, 0.000000, -0.000000, 1.000000, },
	},
	["eye.l"] = {
		parent = "head",
		inverseBindPose = { 0.656618, 0.554172, -0.511612, 3.785926, 0.527817, -0.822176, -0.213157, 1.577361, -0.538760, -0.130075, -0.832357, 6.159441, -0.000000, 0.000000, -0.000000, 1.000000, },
	},
	["shoulder.l"] = {
		parent = "body2",
		inverseBindPose = { -0.301131, 0.000000, -0.953583, 5.244706, 0.953583, 0.000000, -0.301131, 1.656221, -0.000000, -1.000000, -0.000000, 0.000001, -0.000000, 0.000000, 0.000000, 1.000000, },
	},
	["arm.l"] = {
		parent = "shoulder.l",
		inverseBindPose = { -0.000000, 0.000000, -1.000000, 4.900001, 1.000000, 0.000000, 0.000000, -1.900002, 0.000000, -1.000000, -0.000000, 0.000001, -0.000000, 0.000000, -0.000000, 1.000000, },
	},
	["hand.l"] = {
		parent = "arm.l",
		inverseBindPose = { -0.000000, 0.000001, -1.000000, 4.900001, 1.000000, 0.000000, 0.000000, -3.400002, 0.000000, -1.000000, -0.000001, 0.000003, -0.000000, 0.000000, -0.000000, 1.000000, },
	},
	["Robe-Inside"] = {
		parent = "Armature",
		inverseBindPose = { 1.000000, -0.000000, 0.000000, -0.000000, -0.000000, 1.000000, -0.000000, 0.000000, 0.000000, -0.000000, 1.000000, -0.000000, -0.000000, 0.000000, -0.000000, 1.000000, },
	},
	["Robes-Outside"] = {
		parent = "Armature",
		inverseBindPose = { 1.000000, -0.000000, 0.000000, -0.000000, -0.000000, 1.000000, -0.000000, 0.000000, 0.000000, -0.000000, 1.000000, -0.000000, -0.000000, 0.000000, -0.000000, 1.000000, },
	},
	["Bones"] = {
		parent = "Armature",
		inverseBindPose = { 1.000000, -0.000000, 0.000000, -0.000000, -0.000000, 1.000000, -0.000000, 0.000000, 0.000000, -0.000000, 1.000000, -0.000000, -0.000000, 0.000000, -0.000000, 1.000000, },
	},
	["Zweihander"] = {
		parent = "Armature",
		inverseBindPose = { 1.000000, -0.000000, 0.000000, -0.000000, -0.000000, 1.000000, -0.000000, 0.000000, 0.000000, -0.000000, 1.000000, -0.000000, -0.000000, 0.000000, -0.000000, 1.000000, },
	},
	["Hands"] = {
		parent = "Armature",
		inverseBindPose = { 1.000000, -0.000000, 0.000000, -0.000000, -0.000000, 1.000000, -0.000000, 0.000000, 0.000000, -0.000000, 1.000000, -0.000000, -0.000000, 0.000000, -0.000000, 1.000000, },
	},
}
