{
	["Armature"] = {
		inverseBindPose = { 1.000000, -0.000000, 0.000000, -0.000000, -0.000000, 0.000000, -1.000000, 0.000000, 0.000000, 1.000000, 0.000000, -0.000000, -0.000000, 0.000000, -0.000000, 1.000000, },
	},
	["Bone"] = {
		parent = "Armature",
		inverseBindPose = { 1.000000, -0.000000, 0.000000, -0.000000, -0.000000, 1.000000, -0.000000, 0.000000, 0.000000, -0.000000, 1.000000, -0.000000, -0.000000, 0.000000, -0.000000, 1.000000, },
	},
	["hip.r"] = {
		parent = "Bone",
		inverseBindPose = { 0.000000, -0.000000, -1.000000, 0.000000, -1.000000, 0.000000, -0.000000, 0.000000, 0.000000, 1.000000, -0.000000, -2.000000, -0.000000, 0.000000, -0.000000, 1.000000, },
	},
	["leg-top.r"] = {
		parent = "hip.r",
		inverseBindPose = { -0.000000, -0.000000, 1.000000, -0.000000, 0.132164, -0.991228, 0.000000, 2.036148, 0.991228, 0.132164, 0.000000, 0.138359, -0.000000, 0.000000, -0.000000, 1.000000, },
	},
	["leg-bottom.r"] = {
		parent = "leg-top.r",
		inverseBindPose = { -0.000000, 0.000000, -1.000000, -0.000000, -0.071247, -0.997458, -0.000000, 1.039762, -0.997459, 0.071247, 0.000000, -0.356235, -0.000000, 0.000000, -0.000000, 1.000000, },
	},
	["foot.r"] = {
		parent = "leg-bottom.r",
		inverseBindPose = { 0.000000, 0.000000, 1.000000, -0.000000, 0.959365, -0.282166, -0.000000, 0.382688, 0.282166, 0.959365, -0.000000, -0.082886, -0.000000, 0.000000, -0.000000, 1.000000, },
	},
	["hip.l"] = {
		parent = "Bone",
		inverseBindPose = { 0.000000, 0.000000, 1.000000, -0.000000, 1.000000, 0.000000, -0.000000, 0.000000, 0.000000, 1.000000, -0.000000, -2.000000, -0.000000, 0.000000, -0.000000, 1.000000, },
	},
	["leg-top.l"] = {
		parent = "hip.l",
		inverseBindPose = { 0.000000, 0.000000, 1.000000, -0.000000, 0.034462, -0.999406, 0.000000, 1.985889, 0.999406, 0.034462, -0.000000, -0.443702, -0.000000, 0.000000, -0.000000, 1.000000, },
	},
	["leg-bottom.l"] = {
		parent = "leg-top.l",
		inverseBindPose = { 0.000000, -0.000000, -1.000000, -0.000000, -0.209529, -0.977802, 0.000000, 1.154592, -0.977802, 0.209529, -0.000000, 0.168060, -0.000000, 0.000000, 0.000000, 1.000000, },
	},
	["foot.l"] = {
		parent = "leg-bottom.l",
		inverseBindPose = { 0.000000, 0.000000, 1.000000, -0.000000, 0.907960, -0.419058, -0.000000, -0.106947, 0.419058, 0.907959, -0.000000, -0.290285, -0.000000, 0.000000, -0.000000, 1.000000, },
	},
	["body"] = {
		parent = "Bone",
		inverseBindPose = { 0.000000, -0.000000, 1.000000, 0.000000, 0.015383, 0.999882, -0.000000, -1.999763, -0.999882, 0.015383, 0.000000, -0.030766, -0.000000, 0.000000, -0.000000, 1.000000, },
	},
	["shoulder.r"] = {
		parent = "body",
		inverseBindPose = { 0.000000, -0.000000, -1.000000, 0.000001, -0.995495, -0.094809, -0.000000, 0.413308, -0.094809, 0.995495, -0.000000, -4.010128, 0.000000, 0.000000, 0.000000, 1.000000, },
	},
	["arm-top.r"] = {
		parent = "shoulder.r",
		inverseBindPose = { 1.000000, -0.000000, -0.000000, 0.625000, 0.000000, -1.000000, 0.000000, 3.968749, -0.000000, 0.000000, -1.000000, -0.000000, -0.000000, 0.000000, -0.000000, 1.000000, },
	},
	["arm-bottom.r"] = {
		parent = "arm-top.r",
		inverseBindPose = { -0.000000, -0.000000, 1.000000, -0.000000, 0.000000, -1.000000, 0.000000, 2.968750, 1.000000, -0.000000, 0.000000, 0.625000, -0.000000, 0.000000, -0.000000, 1.000000, },
	},
	["hand.r"] = {
		parent = "arm-bottom.r",
		inverseBindPose = { 0.000000, 0.000000, 1.000000, 0.000000, 0.124035, -0.992278, 0.000000, 2.403173, 0.992278, 0.124035, -0.000000, 0.329467, -0.000000, 0.000000, -0.000000, 1.000000, },
	},
	["shoulder.l"] = {
		parent = "body",
		inverseBindPose = { -0.000000, -0.000000, 1.000000, 0.000000, 0.988936, -0.148341, 0.000000, 0.567093, 0.148340, 0.988936, 0.000000, -3.991285, -0.000000, 0.000000, -0.000000, 1.000000, },
	},
	["arm-top.l"] = {
		parent = "shoulder.l",
		inverseBindPose = { 1.000000, -0.000000, 0.000000, -0.656250, 0.000000, -1.000000, 0.000000, 3.937499, 0.000000, -0.000000, -1.000000, -0.000000, -0.000000, 0.000000, -0.000000, 1.000000, },
	},
	["arm-bottom.l"] = {
		parent = "arm-top.l",
		inverseBindPose = { -0.000000, -0.000000, 1.000000, 0.000000, 0.062378, -0.998052, 0.000000, 2.922032, 0.998052, 0.062378, 0.000000, -0.840157, -0.000000, 0.000000, -0.000000, 1.000000, },
	},
	["hand.l"] = {
		parent = "arm-bottom.l",
		inverseBindPose = { -0.000000, -0.000000, 1.000000, 0.000000, 0.209529, -0.977802, 0.000000, 2.269898, 0.977802, 0.209529, 0.000000, -1.189514, -0.000000, 0.000000, -0.000000, 1.000000, },
	},
	["head"] = {
		parent = "body",
		inverseBindPose = { 1.000000, -0.000000, -0.000000, -0.031250, 0.000000, 1.000000, 0.000000, -4.031249, -0.000000, -0.000000, 1.000000, 0.000000, -0.000000, 0.000000, -0.000000, 1.000000, },
	},
	["cape1"] = {
		parent = "body",
		inverseBindPose = { -0.000000, 0.000000, -1.000000, -0.000000, -0.036477, -0.999334, 0.000000, 4.029706, -0.999111, 0.036464, 0.000000, -0.115773, -0.000000, 0.000000, -0.000000, 1.000000, },
	},
	["cape2"] = {
		parent = "cape1",
		inverseBindPose = { -0.000000, -0.000000, 1.000000, 0.000000, 0.011807, -0.999929, 0.000000, 2.560557, 0.999707, 0.011831, 0.000000, -0.007871, -0.000000, 0.000000, -0.000000, 1.000000, },
	},
}
