{
	["Armature"] = {
		inverseBindPose = { 1.000000, -0.000000, 0.000000, -0.000000, -0.000000, 1.000000, -0.000000, 0.000000, 0.000000, -0.000000, 1.000000, -0.000000, -0.000000, 0.000000, -0.000000, 1.000000, },
	},
	["root"] = {
		parent = "Armature",
		inverseBindPose = { 1.000000, -0.000000, 0.000000, -0.000000, -0.000000, 0.000000, 1.000000, 0.000000, 0.000000, -1.000000, 0.000000, -0.000000, -0.000000, 0.000000, -0.000000, 1.000000, },
	},
	["body"] = {
		parent = "root",
		inverseBindPose = { 1.000000, -0.000000, 0.000000, -0.000000, -0.000000, 0.000000, 1.000000, -1.000000, 0.000000, -1.000000, 0.000000, -0.000000, -0.000000, 0.000000, -0.000000, 1.000000, },
	},
	["head"] = {
		parent = "body",
		inverseBindPose = { 1.000000, -0.000000, 0.000000, -0.000000, -0.000000, 0.000000, 1.000000, -4.100000, 0.000000, -1.000000, 0.000000, -0.000000, -0.000000, 0.000000, -0.000000, 1.000000, },
	},
	["wing1.l1"] = {
		parent = "body",
		inverseBindPose = { 0.290007, 0.000000, -0.957024, 3.923800, 0.957024, 0.000000, 0.290007, -1.189030, 0.000000, -1.000000, -0.000000, 0.000001, -0.000000, 0.000000, -0.000000, 1.000000, },
	},
	["wing1.l2"] = {
		parent = "wing1.l1",
		inverseBindPose = { 0.184289, 0.000000, -0.982872, 4.404496, 0.982872, 0.000000, 0.184288, -4.183350, 0.000000, -1.000000, -0.000000, 0.000001, -0.000000, 0.000000, -0.000000, 1.000000, },
	},
	["Bone.005"] = {
		parent = "body",
		inverseBindPose = { -0.948684, 0.000000, -0.316228, 1.296535, 0.316228, -0.000000, -0.948683, 3.889601, -0.000000, -1.000000, -0.000000, 0.000000, -0.000000, 0.000000, 0.000000, 1.000000, },
	},
	["wing2.l"] = {
		parent = "Bone.005",
		inverseBindPose = { 0.213697, -0.000000, -0.976900, 2.433091, 0.976901, -0.000000, 0.213697, -1.044063, -0.000000, -1.000000, 0.000000, -0.000000, -0.000000, 0.000000, -0.000000, 1.000000, },
	},
	["Bone.007"] = {
		parent = "Bone.005",
		inverseBindPose = { -0.948684, 0.000000, -0.316228, 1.296535, 0.316228, 0.000000, -0.948683, 2.308462, -0.000000, -1.000000, -0.000000, 0.000001, -0.000000, 0.000000, 0.000000, 1.000000, },
	},
	["wing3.l"] = {
		parent = "Bone.007",
		inverseBindPose = { -0.062378, 0.000001, -0.998053, 1.453414, 0.998054, 0.000000, -0.062378, -0.810919, -0.000000, -1.000000, -0.000001, 0.000001, -0.000000, 0.000000, 0.000000, 1.000000, },
	},
	["wing1.r1"] = {
		parent = "body",
		inverseBindPose = { 0.298275, 0.000000, 0.954480, -3.913368, -0.954480, -0.000000, 0.298275, -1.222927, 0.000000, -1.000000, 0.000000, -0.000000, -0.000000, 0.000000, -0.000000, 1.000000, },
	},
	["wing1.r2"] = {
		parent = "wing1.r1",
		inverseBindPose = { 0.196116, -0.000000, 0.980581, -4.373390, -0.980581, -0.000000, 0.196116, -4.138050, -0.000000, -1.000000, -0.000000, 0.000001, 0.000000, 0.000000, -0.000000, 1.000000, },
	},
	["Bone.011"] = {
		parent = "body",
		inverseBindPose = { -0.966236, -0.000000, 0.257663, -1.056418, -0.257663, -0.000000, -0.966235, 3.961563, 0.000000, -1.000000, -0.000000, 0.000000, 0.000000, 0.000000, 0.000000, 1.000000, },
	},
	["wing2.r"] = {
		parent = "Bone.011",
		inverseBindPose = { 0.136638, 0.000000, 0.990621, -2.520960, -0.990622, -0.000000, 0.136638, -0.751506, 0.000000, -1.000000, 0.000000, -0.000000, -0.000000, 0.000000, -0.000000, 1.000000, },
	},
	["Bone.013"] = {
		parent = "Bone.011",
		inverseBindPose = { -0.948684, 0.000000, 0.316228, -1.201667, -0.316228, -0.000000, -0.948683, 2.340085, -0.000000, -1.000000, 0.000000, -0.000000, 0.000000, 0.000000, -0.000000, 1.000000, },
	},
	["wing3.r"] = {
		parent = "Bone.013",
		inverseBindPose = { -0.057050, -0.000000, 0.998371, -1.443360, -0.998372, -0.000000, -0.057049, -0.718829, 0.000000, -1.000000, -0.000000, 0.000000, 0.000000, 0.000000, 0.000000, 1.000000, },
	},
	["shoulder.l"] = {
		parent = "body",
		inverseBindPose = { -0.447214, 0.000000, -0.894427, 3.667152, 0.894427, -0.000000, -0.447214, 1.833576, -0.000000, -1.000000, -0.000000, 0.000001, -0.000000, 0.000000, 0.000000, 1.000000, },
	},
	["arm.l"] = {
		parent = "shoulder.l",
		inverseBindPose = { -0.624695, 0.000000, -0.780869, 3.670084, 0.780869, -0.000000, -0.624695, 0.374817, -0.000000, -1.000000, -0.000000, 0.000001, -0.000000, 0.000000, 0.000000, 1.000000, },
	},
	["shoulder.r"] = {
		parent = "body",
		inverseBindPose = { -0.447214, -0.000000, 0.894427, -3.667152, -0.894427, 0.000000, -0.447214, 1.833576, 0.000000, -1.000000, -0.000000, 0.000001, 0.000000, 0.000000, 0.000000, 1.000000, },
	},
	["arm.r"] = {
		parent = "shoulder.r",
		inverseBindPose = { -0.609711, -0.000001, 0.792624, -3.633876, -0.792624, -0.000000, -0.609711, 0.524352, 0.000000, -1.000000, -0.000000, 0.000002, -0.000000, 0.000000, -0.000000, 1.000000, },
	},
	["Plane"] = {
		parent = "Armature",
		inverseBindPose = { 1.000000, -0.000000, 0.000000, -0.000000, -0.000000, 1.000000, -0.000000, 0.000000, 0.000000, -0.000000, 1.000000, -0.000000, -0.000000, 0.000000, -0.000000, 1.000000, },
	},
}
