{
	["Armature"] = {
		inverseBindPose = { 1.000000, -0.000000, 0.000000, -0.000000, -0.000000, 1.000000, -0.000000, 0.000000, 0.000000, -0.000000, 1.000000, -0.000000, -0.000000, 0.000000, -0.000000, 1.000000, },
	},
	["root"] = {
		parent = "Armature",
		inverseBindPose = { 1.000000, -0.000000, 0.000000, -0.000000, -0.000000, 0.000000, 1.000000, 0.000000, 0.000000, -1.000000, 0.000000, -0.000000, -0.000000, 0.000000, -0.000000, 1.000000, },
	},
	["body"] = {
		parent = "root",
		inverseBindPose = { -0.000002, -1.000000, 0.000000, -0.000000, 0.100267, -0.000000, 0.994961, -0.994961, -0.994961, 0.000002, 0.100267, -0.100267, -0.000000, 0.000000, -0.000000, 1.000000, },
	},
	["head"] = {
		parent = "body",
		inverseBindPose = { -0.000003, -1.000000, -0.000000, 0.000000, 0.064382, -0.000000, 0.997925, -2.638348, -0.997925, 0.000003, 0.064382, -0.005286, -0.000000, 0.000000, -0.000000, 1.000000, },
	},
	["hat"] = {
		parent = "head",
		inverseBindPose = { -0.000001, -1.000000, 0.000000, -0.000000, 0.187619, -0.000000, 0.982242, -3.788110, -0.982242, 0.000001, 0.187619, -0.478672, -0.000000, 0.000000, -0.000000, 1.000000, },
	},
	["wing.r.1"] = {
		parent = "body",
		inverseBindPose = { 0.000000, 1.000000, -0.000000, 0.000000, -0.999883, 0.000000, -0.015265, 0.204766, -0.015265, 0.000000, 0.999884, -2.630396, -0.000000, -0.000000, -0.000000, 1.000000, },
	},
	["wing.r.2"] = {
		parent = "wing.r.1",
		inverseBindPose = { -0.000000, 1.000000, 0.000000, 0.000000, -0.999959, -0.000000, 0.009009, -1.517381, 0.009009, -0.000000, 0.999960, -2.594329, -0.000000, 0.000000, -0.000000, 1.000000, },
	},
	["wing.r.3"] = {
		parent = "wing.r.2",
		inverseBindPose = { -0.000000, 1.000000, 0.000000, 0.000000, -0.999819, -0.000000, 0.019044, -2.948653, 0.019044, -0.000000, 0.999819, -2.564864, -0.000000, 0.000000, -0.000000, 1.000000, },
	},
	["wing.r.004"] = {
		parent = "wing.r.3",
		inverseBindPose = { 0.000000, 1.000000, 0.000000, 0.000000, -0.994453, 0.000000, -0.105182, -3.926877, -0.105182, -0.000000, 0.994453, -3.075977, -0.000000, -0.000000, -0.000000, 1.000000, },
	},
	["wing.l.1"] = {
		parent = "body",
		inverseBindPose = { -0.000000, 1.000000, -0.000000, 0.000000, -0.945822, -0.000000, 0.324685, -0.699295, 0.324685, 0.000000, 0.945822, -2.543992, -0.000000, -0.000000, -0.000000, 1.000000, },
	},
	["wing.l.2"] = {
		parent = "wing.l.1",
		inverseBindPose = { -0.000000, 1.000000, 0.000000, 0.000000, -0.998727, -0.000000, 0.050441, -1.692177, 0.050441, -0.000000, 0.998727, -3.134237, -0.000000, 0.000000, -0.000000, 1.000000, },
	},
	["wing.l.3"] = {
		parent = "wing.l.2",
		inverseBindPose = { 0.000000, 1.000000, -0.000000, 0.000000, -0.997413, 0.000000, -0.071886, -2.542415, -0.071885, 0.000000, 0.997413, -3.470646, -0.000000, -0.000000, -0.000000, 1.000000, },
	},
	["wing.l.4"] = {
		parent = "wing.l.3",
		inverseBindPose = { 0.000000, 1.000000, 0.000000, 0.000000, -0.994121, 0.000000, -0.108271, -3.821972, -0.108271, -0.000000, 0.994121, -3.612664, -0.000000, -0.000000, -0.000000, 1.000000, },
	},
	["arm.r"] = {
		parent = "body",
		inverseBindPose = { -0.272396, 0.860605, -0.430302, 1.177912, -0.000000, -0.447214, -0.894427, 2.355219, -0.962185, -0.243638, 0.121819, -0.162412, 0.000000, 0.000000, -0.000000, 1.000000, },
	},
	["hand.r"] = {
		parent = "arm.r",
		inverseBindPose = { -0.304741, 0.879434, -0.365689, 1.057512, 0.768221, 0.000000, -0.640185, 1.175193, -0.563000, -0.476021, -0.675600, 1.323497, -0.000000, 0.000000, 0.000000, 1.000000, },
	},
	["arm.l"] = {
		parent = "body",
		inverseBindPose = { 0.323093, 0.787426, 0.524950, -1.435483, -0.000000, 0.554700, -0.832050, 2.190967, -0.946368, 0.268829, 0.179219, -0.316163, -0.000000, -0.000000, -0.000000, 1.000000, },
	},
	["hand.l"] = {
		parent = "arm.l",
		inverseBindPose = { 0.367130, 0.819223, 0.440556, -1.283858, 0.768221, 0.000000, -0.640184, 1.175192, -0.524454, 0.573475, -0.629344, 1.136521, -0.000000, 0.000000, -0.000000, 1.000000, },
	},
	["Plane"] = {
		parent = "Armature",
		inverseBindPose = { 1.000000, -0.000000, 0.000000, -0.000000, -0.000000, 1.000000, -0.000000, 0.000000, 0.000000, -0.000000, 1.000000, -0.000000, -0.000000, 0.000000, -0.000000, 1.000000, },
	},
	["Plane.001"] = {
		parent = "Armature",
		inverseBindPose = { 1.000000, -0.000000, 0.000000, -0.000000, -0.000000, 1.000000, -0.000000, 0.000000, 0.000000, -0.000000, 1.000000, -0.000000, -0.000000, 0.000000, -0.000000, 1.000000, },
	},
}
