{
	["Armature"] = {
		inverseBindPose = { 1.000000, -0.000000, 0.000000, -0.000000, -0.000000, 0.000000, -1.000000, 0.000000, 0.000000, 1.000000, 0.000000, -0.000000, -0.000000, 0.000000, -0.000000, 1.000000, },
	},
	["root"] = {
		parent = "Armature",
		inverseBindPose = { 1.000000, -0.000000, 0.000000, -0.000000, -0.000000, 1.000000, -0.000000, 0.000000, 0.000000, -0.000000, 1.000000, -0.000000, -0.000000, 0.000000, -0.000000, 1.000000, },
	},
	["body"] = {
		parent = "root",
		inverseBindPose = { -0.000002, 0.000000, 1.000000, -0.000000, 0.100267, 0.994961, 0.000000, -0.994961, -0.994961, 0.100267, -0.000002, -0.100267, -0.000000, -0.000000, -0.000000, 1.000000, },
	},
	["head"] = {
		parent = "body",
		inverseBindPose = { -0.000003, -0.000000, 1.000000, 0.000000, 0.064382, 0.997925, 0.000000, -2.638348, -0.997925, 0.064382, -0.000003, -0.005286, -0.000000, -0.000000, -0.000000, 1.000000, },
	},
	["hat"] = {
		parent = "head",
		inverseBindPose = { -0.000001, 0.000000, 1.000000, -0.000000, 0.187619, 0.982242, 0.000000, -3.788110, -0.982242, 0.187619, -0.000001, -0.478672, -0.000000, -0.000000, -0.000000, 1.000000, },
	},
	["wing.r.1"] = {
		parent = "body",
		inverseBindPose = { 0.000000, -0.000000, -1.000000, 0.000000, -0.999884, -0.015265, -0.000000, 0.204766, -0.015265, 0.999884, -0.000000, -2.630396, -0.000000, 0.000000, 0.000000, 1.000000, },
	},
	["wing.r.2"] = {
		parent = "wing.r.1",
		inverseBindPose = { -0.000000, 0.000000, -1.000000, 0.000000, -0.999959, 0.009009, 0.000000, -1.517381, 0.009009, 0.999960, 0.000000, -2.594330, -0.000000, -0.000000, -0.000000, 1.000000, },
	},
	["wing.r.3"] = {
		parent = "wing.r.2",
		inverseBindPose = { -0.000000, 0.000000, -1.000000, 0.000000, -0.999819, 0.019044, 0.000000, -2.948653, 0.019044, 0.999819, 0.000000, -2.564865, -0.000000, -0.000000, -0.000000, 1.000000, },
	},
	["wing.r.004"] = {
		parent = "wing.r.3",
		inverseBindPose = { 0.000000, 0.000000, -1.000000, 0.000000, -0.994453, -0.105182, -0.000000, -3.926877, -0.105183, 0.994453, 0.000000, -3.075977, -0.000000, -0.000000, 0.000000, 1.000000, },
	},
	["wing.l.1"] = {
		parent = "body",
		inverseBindPose = { -0.000000, -0.000000, -1.000000, 0.000000, -0.945822, 0.324685, 0.000000, -0.699295, 0.324685, 0.945822, -0.000000, -2.543992, -0.000000, -0.000000, 0.000000, 1.000000, },
	},
	["wing.l.2"] = {
		parent = "wing.l.1",
		inverseBindPose = { -0.000000, 0.000000, -1.000000, 0.000000, -0.998727, 0.050441, 0.000000, -1.692177, 0.050441, 0.998727, 0.000000, -3.134236, -0.000000, -0.000000, -0.000000, 1.000000, },
	},
	["wing.l.3"] = {
		parent = "wing.l.2",
		inverseBindPose = { 0.000000, -0.000000, -1.000000, 0.000000, -0.997413, -0.071886, -0.000000, -2.542416, -0.071886, 0.997413, -0.000000, -3.470646, -0.000000, 0.000000, 0.000000, 1.000000, },
	},
	["wing.l.4"] = {
		parent = "wing.l.3",
		inverseBindPose = { 0.000000, 0.000000, -1.000000, 0.000000, -0.994122, -0.108271, -0.000000, -3.821974, -0.108271, 0.994122, 0.000000, -3.612666, -0.000000, -0.000000, 0.000000, 1.000000, },
	},
}
