{
	["Armature"] = {
		inverseBindPose = { 1.000000, -0.000000, -0.000000, -0.000000, 0.000000, 1.000000, -0.000000, 0.000000, 0.000000, 0.000000, 1.000000, -0.000000, -0.000000, 0.000000, -0.000000, 1.000000, },
	},
	["Bone"] = {
		parent = "Armature",
		inverseBindPose = { 1.000000, 0.000000, -0.000000, -0.000000, 0.000000, 1.000000, -0.000000, 0.000000, 0.000000, -0.000000, 1.000000, -0.000000, -0.000000, 0.000000, -0.000000, 1.000000, },
	},
	["Bone.001"] = {
		parent = "Bone",
		inverseBindPose = { 1.000000, 0.000000, -0.000000, -0.000000, 0.000000, 1.000000, -0.000000, -1.000000, 0.000000, -0.000000, 1.000000, -0.000000, -0.000000, 0.000000, -0.000000, 1.000000, },
	},
	["head"] = {
		parent = "Bone.001",
		inverseBindPose = { 1.000000, 0.000000, -0.000000, -0.000000, 0.000000, 1.000000, -0.000000, -7.000000, 0.000000, -0.000000, 1.000000, -0.000000, -0.000000, 0.000000, -0.000000, 1.000000, },
	},
	["t3.1"] = {
		parent = "Bone.001",
		inverseBindPose = { -0.000000, 0.000000, -1.000001, -0.000001, -0.316228, -0.948683, -0.000000, 6.640784, -0.948683, 0.316228, 0.000000, -2.213594, -0.000000, 0.000000, -0.000000, 1.000000, },
	},
	["t3.2"] = {
		parent = "t3.1",
		inverseBindPose = { -0.000000, 0.000000, -1.000001, -0.000000, -0.196116, -0.980581, -0.000000, 5.295136, -0.980581, 0.196116, -0.000000, -1.568929, -0.000000, 0.000000, 0.000000, 1.000000, },
	},
	["Bone.005"] = {
		parent = "Bone.001",
		inverseBindPose = { -0.000000, -0.000000, -1.000000, 0.000000, -0.707107, 0.707107, -0.000000, -4.949749, 0.707107, 0.707107, 0.000000, -4.949748, -0.000000, 0.000000, -0.000000, 1.000000, },
	},
	["t2.1"] = {
		parent = "Bone.005",
		inverseBindPose = { -0.000000, 0.000000, -1.000000, -0.000000, -0.242536, -0.970143, -0.000000, 7.154802, -0.970143, 0.242536, -0.000000, -2.304089, -0.000000, 0.000000, 0.000000, 1.000000, },
	},
	["t2.2"] = {
		parent = "t2.1",
		inverseBindPose = { -0.000000, 0.000000, -1.000000, -0.000000, -0.196116, -0.980581, -0.000000, 5.197077, -0.980581, 0.196116, -0.000000, -2.059220, -0.000000, 0.000000, 0.000000, 1.000000, },
	},
	["t1.1"] = {
		parent = "Bone.005",
		inverseBindPose = { 0.000000, -0.000000, -1.000000, 0.000000, -0.600000, -0.800000, -0.000000, 5.700000, -0.800000, 0.600000, -0.000000, -4.900001, -0.000000, 0.000000, 0.000000, 1.000000, },
	},
	["t1.2"] = {
		parent = "t1.1",
		inverseBindPose = { 0.000000, -0.000000, -1.000000, 0.000000, -0.371391, -0.928477, -0.000000, 4.363841, -0.928477, 0.371391, -0.000000, -3.899602, -0.000000, 0.000000, 0.000000, 1.000000, },
	},
	["t4.1"] = {
		parent = "Bone.001",
		inverseBindPose = { -0.000000, -0.000000, 1.000000, 0.000002, 0.554700, -0.832050, 0.000000, 5.824352, 0.832050, 0.554700, 0.000000, -3.882902, -0.000000, 0.000000, -0.000000, 1.000000, },
	},
	["t4.2"] = {
		parent = "t4.1",
		inverseBindPose = { -0.000000, -0.000000, 1.000000, 0.000000, 0.196116, -0.980581, 0.000000, 5.197078, 0.980581, 0.196116, 0.000000, -2.059220, -0.000000, 0.000000, -0.000000, 1.000000, },
	},
	["Bone.012"] = {
		parent = "Bone.001",
		inverseBindPose = { 0.000000, 0.000000, 1.000000, -0.000000, 1.000000, -0.000000, -0.000000, 0.000000, 0.000000, 1.000000, -0.000000, -7.000000, -0.000000, 0.000000, -0.000000, 1.000000, },
	},
	["t5.1"] = {
		parent = "Bone.012",
		inverseBindPose = { -0.000000, -0.000000, 1.000000, 0.000002, 0.554700, -0.832050, 0.000000, 5.547002, 0.832050, 0.554700, 0.000000, -4.298927, -0.000000, 0.000000, -0.000000, 1.000000, },
	},
	["t5.2"] = {
		parent = "t5.1",
		inverseBindPose = { 0.000000, 0.000000, 1.000000, -0.000001, 0.371391, -0.928477, 0.000000, 4.549537, 0.928477, 0.371391, -0.000000, -3.435364, -0.000000, 0.000000, -0.000000, 1.000000, },
	},
	["t6.1"] = {
		parent = "Bone.012",
		inverseBindPose = { -0.000000, -0.000000, 1.000000, 0.000000, 0.707107, -0.707107, 0.000000, 4.596194, 0.707107, 0.707107, 0.000000, -5.303301, -0.000000, 0.000000, -0.000000, 1.000000, },
	},
	["t6.2"] = {
		parent = "t6.1",
		inverseBindPose = { -0.000000, -0.000000, 1.000000, 0.000000, 0.447214, -0.894427, -0.000000, 4.695744, 0.894427, 0.447214, 0.000000, -4.024923, -0.000000, 0.000000, -0.000000, 1.000000, },
	},
	["Bone.017"] = {
		parent = "Bone.001",
		inverseBindPose = { 0.000000, 0.000000, 1.000000, -0.000000, 1.000000, -0.000000, -0.000000, 0.000000, 0.000000, 1.000000, -0.000000, -7.000000, -0.000000, 0.000000, -0.000000, 1.000000, },
	},
	["tl.1"] = {
		parent = "Bone.017",
		inverseBindPose = { 0.000000, -0.000000, -1.000000, -0.000000, -0.023250, -0.999730, -0.000000, 7.016272, -0.999730, 0.023250, -0.000000, 0.618292, -0.000000, 0.000000, 0.000000, 1.000000, },
	},
	["tl.2"] = {
		parent = "tl.1",
		inverseBindPose = { -0.000000, 0.000000, -1.000000, 0.000000, -0.013512, -0.999909, 0.000000, 5.665869, -0.999909, 0.013512, 0.000000, 0.673503, -0.000000, 0.000000, -0.000000, 1.000000, },
	},
	["tl.3"] = {
		parent = "tl.2",
		inverseBindPose = { 1.000000, -0.000000, -0.000000, -0.718750, -0.000000, -1.000000, -0.000000, 3.343751, -0.000000, -0.000000, -1.000000, 0.000000, 0.000000, 0.000000, 0.000000, 1.000000, },
	},
	["Bone.021"] = {
		parent = "Bone.001",
		inverseBindPose = { -0.000000, -0.000000, -1.000000, 0.000000, -1.000000, 0.000000, 0.000000, -0.000000, 0.000000, 1.000000, -0.000000, -7.000000, -0.000000, -0.000000, 0.000000, 1.000000, },
	},
	["tr.1"] = {
		parent = "Bone.021",
		inverseBindPose = { 0.000000, -0.000000, -1.000000, 0.000000, -0.023250, -0.999730, -0.000000, 6.980671, -0.999730, 0.023250, -0.000000, -0.912544, -0.000000, 0.000000, 0.000000, 1.000000, },
	},
	["tr.2"] = {
		parent = "tr.1",
		inverseBindPose = { 1.000000, 0.000000, -0.000000, 0.781250, 0.000000, -1.000000, -0.000000, 5.656250, -0.000000, -0.000000, -1.000000, -0.000000, -0.000000, 0.000000, -0.000000, 1.000000, },
	},
	["tr.3"] = {
		parent = "tr.2",
		inverseBindPose = { 1.000000, 0.000000, -0.000000, 0.781250, 0.000000, -1.000000, -0.000000, 3.156250, -0.000000, 0.000000, -1.000000, -0.000000, -0.000000, 0.000000, -0.000000, 1.000000, },
	},
}
