{
	["Armature"] = {
		inverseBindPose = { 1.000000, -0.000000, 0.000000, -0.000000, -0.000000, 1.000000, -0.000000, 0.000000, 0.000000, -0.000000, 1.000000, 1.000000, -0.000000, 0.000000, -0.000000, 1.000000, },
	},
	["Bone"] = {
		parent = "Armature",
		inverseBindPose = { 1.000000, -0.000000, 0.000000, -0.000000, -0.000000, 0.999152, 0.041190, 0.204597, 0.000000, -0.041190, 0.999151, -2.090686, -0.000000, 0.000000, -0.000000, 1.000000, },
	},
	["body"] = {
		parent = "Bone",
		inverseBindPose = { 1.000000, -0.000000, 0.000000, -0.000000, -0.000000, 0.941874, 0.335966, -3.422290, 0.000000, -0.335966, 0.941874, -1.125399, -0.000000, 0.000000, -0.000000, 1.000000, },
	},
	["tail"] = {
		parent = "body",
		inverseBindPose = { 1.000000, -0.000000, 0.000000, -0.000000, -0.000000, 0.998275, 0.058722, -4.656657, 0.000000, -0.058722, 0.998275, -2.530920, -0.000000, 0.000000, -0.000000, 1.000000, },
	},
	["fin.r"] = {
		parent = "Bone",
		inverseBindPose = { 0.707004, 0.707004, 0.017068, -2.049331, -0.707107, 0.707107, 0.000000, -2.011909, -0.012069, -0.012069, 0.999855, -2.175098, -0.000000, 0.000000, -0.000000, 1.000000, },
	},
	["fin.l"] = {
		parent = "Bone",
		inverseBindPose = { 0.707004, -0.707004, -0.017068, 2.049331, 0.707107, 0.707107, 0.000000, -2.011909, 0.012069, -0.012069, 0.999855, -2.175098, -0.000000, 0.000000, -0.000000, 1.000000, },
	},
	["mouth.t"] = {
		parent = "Armature",
		inverseBindPose = { -1.000000, 0.000000, 0.000000, -0.000000, 0.000000, -0.944497, 0.328521, -0.957894, 0.000000, 0.328521, 0.944497, -1.869562, -0.000000, 0.000000, -0.000000, 1.000000, },
	},
	["mouth.b"] = {
		parent = "Armature",
		inverseBindPose = { -1.000000, -0.000000, 0.000000, -0.000001, 0.000000, -0.857493, -0.514496, 0.821266, 0.000000, -0.514496, 0.857493, -1.933482, -0.000000, 0.000000, -0.000000, 1.000000, },
	},
	["Cube"] = {
		parent = "Armature",
		inverseBindPose = { 1.000000, -0.000000, 0.000000, -0.000000, -0.000000, 1.000000, -0.000000, 0.000000, 0.000000, -0.000000, 1.000000, 1.000000, -0.000000, 0.000000, -0.000000, 1.000000, },
	},
}
