{
	["Armature"] = {
		inverseBindPose = { 1.000000, -0.000000, 0.000000, -0.000000, -0.000000, 1.000000, -0.000000, 0.000000, 0.000000, -0.000000, 1.000000, -0.000000, -0.000000, 0.000000, -0.000000, 1.000000, },
	},
	["root"] = {
		parent = "Armature",
		inverseBindPose = { 1.000000, -0.000000, 0.000000, -0.000000, -0.000000, 0.000000, 1.000000, 0.000000, 0.000000, -1.000000, 0.000000, -0.000000, -0.000000, 0.000000, -0.000000, 1.000000, },
	},
	["center"] = {
		parent = "root",
		inverseBindPose = { 1.000000, -0.000000, 0.000000, -0.000000, -0.000000, 0.000000, 1.000000, -0.400000, 0.000000, -1.000000, 0.000000, -0.000000, -0.000000, 0.000000, -0.000000, 1.000000, },
	},
	["abdomen"] = {
		parent = "center",
		inverseBindPose = { 1.000000, -0.000000, 0.000000, -0.000000, -0.000000, 1.000000, -0.000000, 0.000000, 0.000000, -0.000000, 1.000000, -1.000000, -0.000000, 0.000000, -0.000000, 1.000000, },
	},
	["body"] = {
		parent = "center",
		inverseBindPose = { 1.000000, 0.000000, 0.000001, -0.000001, -0.000000, -0.884918, 0.465746, -0.465746, 0.000001, -0.465746, -0.884918, 0.884918, -0.000000, 0.000000, -0.000000, 1.000000, },
	},
	["head"] = {
		parent = "body",
		inverseBindPose = { 1.000000, -0.000000, 0.000001, -0.000003, -0.000000, -0.948683, -0.316228, -1.170043, 0.000001, 0.316228, -0.948683, 2.498199, -0.000000, 0.000000, -0.000000, 1.000000, },
	},
	["legA1.L"] = {
		parent = "center",
		inverseBindPose = { 0.721982, 0.229446, -0.652761, 0.652761, 0.576683, -0.720854, 0.384455, -0.384455, -0.382333, -0.654006, -0.652761, 0.652761, -0.000000, 0.000000, -0.000000, 1.000000, },
	},
	["legA2.L"] = {
		parent = "legA1.L",
		inverseBindPose = { -0.290384, 0.720991, -0.629165, 2.562445, 0.907959, 0.000000, -0.419058, -0.335246, -0.302137, -0.692944, -0.654631, 0.501483, -0.000000, 0.000000, 0.000000, 1.000000, },
	},
	["legA3.L"] = {
		parent = "legA2.L",
		inverseBindPose = { -0.560409, 0.720991, -0.407570, 2.971593, 0.588172, 0.000000, -0.808736, -0.499946, -0.583091, -0.692944, -0.424066, 0.927192, -0.000000, 0.000000, 0.000000, 1.000000, },
	},
	["legB1.L"] = {
		parent = "center",
		inverseBindPose = { 0.650401, 0.262992, -0.712610, 0.712610, 0.727607, -0.485071, 0.485071, -0.485071, -0.218097, -0.833991, -0.506846, 0.506846, -0.000000, 0.000000, -0.000000, 1.000000, },
	},
	["legB2.L"] = {
		parent = "legB1.L",
		inverseBindPose = { -0.347486, 0.558943, -0.752886, 2.219331, 0.907959, -0.000000, -0.419058, -0.335246, -0.234230, -0.829206, -0.507498, 0.531206, -0.000000, 0.000000, 0.000000, 1.000000, },
	},
	["legB3.L"] = {
		parent = "legB2.L",
		inverseBindPose = { -0.670609, 0.558943, -0.487716, 2.708935, 0.588172, 0.000000, -0.808736, -0.499946, -0.452037, -0.829206, -0.328754, 0.861233, -0.000000, 0.000000, 0.000000, 1.000000, },
	},
	["legC1.L"] = {
		parent = "center",
		inverseBindPose = { 0.359751, 0.622310, -0.695204, 0.695204, 0.824163, 0.137360, 0.549442, -0.549442, 0.437417, -0.770624, -0.463470, 0.463470, -0.000000, 0.000000, -0.000000, 1.000000, },
	},
	["legC2.L"] = {
		parent = "legC1.L",
		inverseBindPose = { -0.345361, 0.566393, -0.748281, 1.648060, 0.907959, -0.000000, -0.419058, -0.335247, -0.237352, -0.824135, -0.514262, 1.375320, -0.000000, 0.000000, 0.000000, 1.000000, },
	},
	["legC3.L"] = {
		parent = "legC2.L",
		inverseBindPose = { -0.666508, 0.566393, -0.484733, 2.134671, 0.588172, -0.000000, -0.808736, -0.499946, -0.458062, -0.824135, -0.333136, 1.709746, -0.000000, 0.000000, 0.000000, 1.000000, },
	},
	["legD1.L"] = {
		parent = "center",
		inverseBindPose = { 0.696271, -0.278418, -0.661581, 0.661581, 0.661581, 0.606450, 0.441054, -0.441054, 0.278418, -0.744783, 0.606450, -0.606450, -0.000000, 0.000000, -0.000000, 1.000000, },
	},
	["legD2.L"] = {
		parent = "legD1.L",
		inverseBindPose = { -0.311866, -0.667949, -0.675710, 2.325261, 0.907959, -0.000000, -0.419058, -0.335247, 0.279910, -0.744207, 0.606471, -0.608911, -0.000000, 0.000000, -0.000000, 1.000000, },
	},
	["legD3.L"] = {
		parent = "legD2.L",
		inverseBindPose = { -0.601867, -0.667949, -0.437722, 2.764678, 0.588172, -0.000000, -0.808736, -0.499945, 0.540195, -0.744207, 0.392869, -1.003301, -0.000000, 0.000000, -0.000000, 1.000000, },
	},
	["legA1.R"] = {
		parent = "center",
		inverseBindPose = { 0.721982, -0.229446, 0.652761, -0.652761, -0.576683, -0.720854, 0.384455, -0.384455, 0.382333, -0.654006, -0.652761, 0.652761, -0.000000, 0.000000, -0.000000, 1.000000, },
	},
	["legA2.R"] = {
		parent = "legA1.R",
		inverseBindPose = { -0.290384, -0.720991, 0.629165, -2.562445, -0.907959, 0.000000, -0.419058, -0.335246, 0.302137, -0.692944, -0.654631, 0.501483, 0.000000, 0.000000, 0.000000, 1.000000, },
	},
	["legA3.R"] = {
		parent = "legA2.R",
		inverseBindPose = { -0.560409, -0.720991, 0.407570, -2.971593, -0.588172, 0.000000, -0.808736, -0.499946, 0.583091, -0.692944, -0.424066, 0.927192, 0.000000, 0.000000, 0.000000, 1.000000, },
	},
	["legB1.R"] = {
		parent = "center",
		inverseBindPose = { 0.650401, -0.262992, 0.712610, -0.712610, -0.727607, -0.485071, 0.485071, -0.485071, 0.218097, -0.833991, -0.506846, 0.506846, -0.000000, 0.000000, -0.000000, 1.000000, },
	},
	["legB2.R"] = {
		parent = "legB1.R",
		inverseBindPose = { -0.347486, -0.558943, 0.752886, -2.219331, -0.907959, -0.000000, -0.419058, -0.335246, 0.234230, -0.829206, -0.507498, 0.531206, 0.000000, 0.000000, 0.000000, 1.000000, },
	},
	["legB3.R"] = {
		parent = "legB2.R",
		inverseBindPose = { -0.670609, -0.558943, 0.487716, -2.708935, -0.588172, 0.000000, -0.808736, -0.499946, 0.452037, -0.829206, -0.328754, 0.861233, -0.000000, 0.000000, -0.000000, 1.000000, },
	},
	["legC1.R"] = {
		parent = "center",
		inverseBindPose = { 0.359751, -0.622310, 0.695204, -0.695204, -0.824163, 0.137360, 0.549442, -0.549442, -0.437417, -0.770624, -0.463470, 0.463470, 0.000000, 0.000000, -0.000000, 1.000000, },
	},
	["legC2.R"] = {
		parent = "legC1.R",
		inverseBindPose = { -0.345361, -0.566393, 0.748281, -1.648060, -0.907959, -0.000000, -0.419058, -0.335247, 0.237352, -0.824135, -0.514262, 1.375320, 0.000000, 0.000000, 0.000000, 1.000000, },
	},
	["legC3.R"] = {
		parent = "legC2.R",
		inverseBindPose = { -0.666508, -0.566393, 0.484733, -2.134671, -0.588172, -0.000000, -0.808736, -0.499946, 0.458062, -0.824135, -0.333136, 1.709746, -0.000000, 0.000000, -0.000000, 1.000000, },
	},
	["legD1.R"] = {
		parent = "center",
		inverseBindPose = { 0.696271, 0.278418, 0.661581, -0.661581, -0.661581, 0.606450, 0.441054, -0.441054, -0.278418, -0.744783, 0.606450, -0.606450, -0.000000, 0.000000, -0.000000, 1.000000, },
	},
	["legD2.R"] = {
		parent = "legD1.R",
		inverseBindPose = { -0.311866, 0.667949, 0.675710, -2.325261, -0.907959, -0.000000, -0.419058, -0.335247, -0.279910, -0.744207, 0.606471, -0.608911, 0.000000, 0.000000, -0.000000, 1.000000, },
	},
	["legD3.R"] = {
		parent = "legD2.R",
		inverseBindPose = { -0.601867, 0.667949, 0.437722, -2.764678, -0.588172, -0.000000, -0.808736, -0.499945, -0.540195, -0.744207, 0.392869, -1.003301, -0.000000, 0.000000, -0.000000, 1.000000, },
	},
	["Cube"] = {
		parent = "Armature",
		inverseBindPose = { 1.000000, -0.000000, 0.000000, -0.000000, -0.000000, 1.000000, -0.000000, 0.000000, 0.000000, -0.000000, 1.000000, -0.000000, -0.000000, 0.000000, -0.000000, 1.000000, },
	},
}
