{
	["Armature"] = {
		inverseBindPose = { 1.000000, -0.000000, 0.000000, -0.000000, -0.000000, 0.000000, -1.000000, 0.000000, 0.000000, 1.000000, 0.000000, -0.000000, -0.000000, 0.000000, -0.000000, 1.000000, },
	},
	["root"] = {
		parent = "Armature",
		inverseBindPose = { 1.000000, -0.000000, 0.000000, -0.000000, -0.000000, 1.000000, -0.000000, 0.000000, 0.000000, -0.000000, 1.000000, -0.000000, -0.000000, 0.000000, -0.000000, 1.000000, },
	},
	["shoulder.r"] = {
		parent = "root",
		inverseBindPose = { -0.000000, 0.000000, -1.000000, -0.000000, -0.974391, -0.224860, 0.000000, 0.385793, -0.224860, 0.974391, 0.000000, -1.671768, -0.000000, 0.000000, -0.000000, 1.000000, },
	},
	["arm.r"] = {
		parent = "shoulder.r",
		inverseBindPose = { 1.000000, -0.000000, -0.000000, 0.581510, 0.000000, -1.000000, -0.000000, 1.581511, 0.000000, 0.000000, -1.000000, -0.000000, -0.000000, 0.000000, 0.000000, 1.000000, },
	},
	["hand.r"] = {
		parent = "arm.r",
		inverseBindPose = { 0.000000, 0.000000, 1.000000, 0.000000, 0.800000, -0.600000, -0.000000, 1.203876, 0.600000, 0.800000, -0.000000, -0.635984, -0.000000, 0.000000, -0.000000, 1.000000, },
	},
	["shoulder.l"] = {
		parent = "root",
		inverseBindPose = { 0.000000, 0.000000, 1.000000, -0.000000, 0.975717, -0.219038, -0.000000, 0.375805, 0.219038, 0.975716, -0.000000, -1.674041, -0.000000, 0.000000, -0.000000, 1.000000, },
	},
	["arm.l"] = {
		parent = "shoulder.l",
		inverseBindPose = { 1.000000, -0.000000, -0.000000, -0.365308, 0.000000, -1.000000, 0.000000, 1.633697, -0.000000, -0.000000, -1.000000, 0.000000, -0.000000, 0.000000, -0.000000, 1.000000, },
	},
	["hand.l"] = {
		parent = "arm.l",
		inverseBindPose = { 0.000000, -0.000000, 1.000000, 0.000000, 0.425797, -0.904819, -0.000000, 1.032589, 0.904819, 0.425797, -0.000000, -0.889660, -0.000000, 0.000000, -0.000000, 1.000000, },
	},
	["head"] = {
		parent = "root",
		inverseBindPose = { -0.000006, 0.000000, 1.000000, -0.000000, 0.022982, 0.999736, 0.000000, -1.715252, -0.999736, 0.022982, -0.000006, -0.039431, -0.000000, -0.000000, -0.000000, 1.000000, },
	},
}
