{
	["Armature"] = {
		inverseBindPose = { 1.000000, -0.000000, 0.000000, -0.000000, -0.000000, 0.000000, -1.000000, 0.000000, 0.000000, 1.000000, 0.000000, -0.000000, -0.000000, 0.000000, -0.000000, 1.000000, },
	},
	["root"] = {
		parent = "Armature",
		inverseBindPose = { 1.000000, -0.000000, 0.000000, -0.000000, -0.000000, 1.000000, -0.000000, 0.000000, 0.000000, -0.000000, 1.000000, -0.000000, -0.000000, 0.000000, -0.000000, 1.000000, },
	},
	["body"] = {
		parent = "root",
		inverseBindPose = { 1.000000, -0.000000, 0.000000, -0.000000, -0.000000, 0.040782, -0.999168, -0.040782, 0.000000, 0.999168, 0.040782, -0.999168, -0.000000, 0.000000, -0.000000, 1.000000, },
	},
	["head"] = {
		parent = "root",
		inverseBindPose = { -0.998958, -0.028940, -0.035304, 0.028940, -0.045549, 0.683231, 0.728780, -0.683231, 0.003030, 0.729629, -0.683837, -0.729629, -0.000000, -0.000000, 0.000000, 1.000000, },
	},
	["jaw.b"] = {
		parent = "head",
		inverseBindPose = { -0.999859, -0.005898, 0.015748, -0.030457, 0.016814, -0.336289, 0.941609, 0.023645, -0.000258, 0.941741, 0.336341, -1.551360, -0.000000, 0.000000, -0.000000, 1.000000, },
	},
	["jaw.t"] = {
		parent = "head",
		inverseBindPose = { -0.999934, 0.000279, 0.011487, -0.037402, 0.011490, 0.022981, 0.999670, -0.533229, 0.000015, 0.999736, -0.022982, -1.456871, -0.000000, 0.000000, -0.000000, 1.000000, },
	},
	["shoulder2"] = {
		parent = "head",
		inverseBindPose = { -0.257663, 0.000000, 0.966235, -0.491169, 0.966235, -0.000000, 0.257663, -0.098636, 0.000000, 1.000000, 0.000000, -1.468750, -0.000000, 0.000000, -0.000000, 1.000000, },
	},
	["tentacle2.a"] = {
		parent = "shoulder2",
		inverseBindPose = { -0.000000, 0.000000, 1.000000, -0.625000, 0.029399, -0.999568, -0.000000, 1.455253, 0.999568, 0.029399, -0.000000, -0.480491, -0.000000, 0.000000, -0.000000, 1.000000, },
	},
	["tentacle2.b"] = {
		parent = "tentacle2.a",
		inverseBindPose = { 1.000000, 0.000000, -0.000000, -0.468750, -0.000000, -1.000000, -0.000000, 0.406251, 0.000000, -0.000000, -1.000000, 0.625000, -0.000000, 0.000000, -0.000000, 1.000000, },
	},
	["shoulder1"] = {
		parent = "head",
		inverseBindPose = { 0.196116, 0.000000, 0.980581, -0.484162, 0.980580, 0.000000, -0.196116, 0.128701, -0.000000, 1.000000, 0.000000, -1.468750, -0.000000, 0.000000, -0.000000, 1.000000, },
	},
	["tentacle1.a"] = {
		parent = "shoulder1",
		inverseBindPose = { 0.000000, 0.000000, 1.000000, -0.343750, 0.029399, -0.999568, -0.000000, 1.446066, 0.999568, 0.029399, -0.000000, -0.792856, -0.000000, 0.000000, -0.000000, 1.000000, },
	},
	["tentacle1.b"] = {
		parent = "tentacle1.a",
		inverseBindPose = { 1.000000, 0.000000, -0.000000, -0.781250, 0.000000, -1.000000, -0.000000, 0.406251, -0.000000, -0.000000, -1.000000, 0.343750, -0.000000, 0.000000, -0.000000, 1.000000, },
	},
	["shoulder3"] = {
		parent = "head",
		inverseBindPose = { -0.413803, -0.000000, -0.910367, 0.442252, -0.910366, 0.000000, 0.413803, -0.235350, -0.000000, 1.000000, 0.000000, -1.468750, -0.000000, 0.000000, -0.000000, 1.000000, },
	},
	["tentacle3.a"] = {
		parent = "shoulder3",
		inverseBindPose = { -0.000000, 0.000000, 1.000000, -0.656250, 0.029399, -0.999568, -0.000000, 1.479140, 0.999568, 0.029399, -0.000000, 0.331658, -0.000000, 0.000000, -0.000000, 1.000000, },
	},
	["tentacle3.b"] = {
		parent = "tentacle3.a",
		inverseBindPose = { 1.000000, -0.000000, -0.000000, 0.343750, 0.000000, -1.000000, -0.000000, 0.406251, -0.000000, -0.000000, -1.000000, 0.656250, -0.000000, 0.000000, 0.000000, 1.000000, },
	},
	["shoulder4"] = {
		parent = "head",
		inverseBindPose = { 0.212430, -0.000000, -0.977176, 0.495227, -0.977176, 0.000000, -0.212430, 0.075678, 0.000000, 1.000000, 0.000000, -1.468750, -0.000000, 0.000000, -0.000000, 1.000000, },
	},
	["tentacle4.a"] = {
		parent = "shoulder4",
		inverseBindPose = { 0.000000, 0.000000, 1.000000, -0.343750, 0.029399, -0.999568, -0.000000, 1.490165, 0.999568, 0.029399, 0.000000, 0.706496, -0.000000, 0.000000, -0.000000, 1.000000, },
	},
	["tentacle4.b"] = {
		parent = "tentacle4.a",
		inverseBindPose = { 1.000000, 0.000000, 0.000000, 0.718750, 0.000000, -1.000000, -0.000000, 0.406250, -0.000000, -0.000000, -1.000000, 0.343750, -0.000000, 0.000000, -0.000000, 1.000000, },
	},
}
