{
	["Armature"] = {
		inverseBindPose = { 1.000000, -0.000000, 0.000000, -0.000000, -0.000000, 1.000000, -0.000000, 0.000000, 0.000000, -0.000000, 1.000000, -0.000000, -0.000000, 0.000000, -0.000000, 1.000000, },
	},
	["root"] = {
		parent = "Armature",
		inverseBindPose = { 1.000000, -0.000000, 0.000000, -0.000000, -0.000000, 0.000000, 1.000000, 0.000000, 0.000000, -1.000000, 0.000000, -0.000000, -0.000000, 0.000000, -0.000000, 1.000000, },
	},
	["head"] = {
		parent = "root",
		inverseBindPose = { 1.000000, -0.000000, 0.000000, -0.000000, -0.000000, 0.000000, 1.000000, -0.200000, 0.000000, -1.000000, 0.000000, -0.000000, -0.000000, 0.000000, -0.000000, 1.000000, },
	},
	["tentacle.front.right1"] = {
		parent = "root",
		inverseBindPose = { 0.467776, -0.498961, 0.729537, -0.145907, -0.729537, -0.683941, -0.000000, 0.000000, 0.498961, -0.532225, -0.683941, 0.136788, -0.000000, 0.000000, -0.000000, 1.000000, },
	},
	["tentacle.front.right2"] = {
		parent = "tentacle.front.right1",
		inverseBindPose = { 0.483620, -0.483619, 0.729537, -0.097545, -0.707107, -0.707107, 0.000000, -2.192030, 0.515861, -0.515860, -0.683941, 0.188374, -0.000000, 0.000000, -0.000000, 1.000000, },
	},
	["tentacle.front.right3"] = {
		parent = "tentacle.front.right2",
		inverseBindPose = { 0.483620, -0.483620, 0.729537, -0.097546, -0.707107, -0.707107, -0.000000, -3.606244, 0.515861, -0.515860, -0.683942, 0.188374, -0.000000, 0.000000, -0.000000, 1.000000, },
	},
	["tentacle.front.right4"] = {
		parent = "tentacle.front.right3",
		inverseBindPose = { 0.483620, -0.483620, 0.729537, -0.097546, -0.707107, -0.707107, -0.000000, -5.020458, 0.515861, -0.515860, -0.683942, 0.188374, -0.000000, 0.000000, -0.000000, 1.000000, },
	},
	["tentacle.front.left1"] = {
		parent = "root",
		inverseBindPose = { -0.693037, -0.693037, 0.198495, -0.039699, 0.707107, -0.707107, -0.000000, 0.000000, 0.140357, 0.140357, 0.980102, -0.196020, -0.000000, 0.000000, -0.000000, 1.000000, },
	},
	["tentacle.front.left2"] = {
		parent = "tentacle.front.left1",
		inverseBindPose = { -0.707107, -0.707107, -0.000000, 0.000000, 0.707107, -0.707107, -0.000000, -2.404163, -0.000000, -0.000000, 1.000000, -0.200000, -0.000000, 0.000000, -0.000000, 1.000000, },
	},
	["tentacle.front.left3"] = {
		parent = "tentacle.front.left2",
		inverseBindPose = { -0.707107, -0.707107, -0.000000, -0.000000, 0.707107, -0.707107, -0.000000, -3.818377, -0.000000, -0.000000, 1.000000, -0.200000, -0.000000, 0.000000, -0.000000, 1.000000, },
	},
	["tentacle.front.left4"] = {
		parent = "tentacle.front.left3",
		inverseBindPose = { -0.707107, -0.707107, -0.000000, -0.000000, 0.707107, -0.707107, -0.000000, -5.232591, -0.000000, -0.000000, 1.000000, -0.200000, -0.000000, 0.000000, -0.000000, 1.000000, },
	},
	["tentacle.back.right1"] = {
		parent = "root",
		inverseBindPose = { 0.500000, 0.500000, 0.707107, -0.141421, -0.707107, 0.707107, -0.000000, 0.000000, -0.500000, -0.500000, 0.707107, -0.141421, -0.000000, 0.000000, -0.000000, 1.000000, },
	},
	["tentacle.back.right2"] = {
		parent = "tentacle.back.right1",
		inverseBindPose = { 0.500000, 0.500000, 0.707107, -0.141421, -0.707107, 0.707107, -0.000000, -2.404163, -0.500000, -0.500000, 0.707107, -0.141421, -0.000000, 0.000000, -0.000000, 1.000000, },
	},
	["tentacle.back.right3"] = {
		parent = "tentacle.back.right2",
		inverseBindPose = { 0.500000, 0.500000, 0.707107, -0.141421, -0.707107, 0.707107, -0.000000, -3.818377, -0.500000, -0.500000, 0.707107, -0.141421, -0.000000, 0.000000, -0.000000, 1.000000, },
	},
	["tentacle.back.right4"] = {
		parent = "tentacle.back.right3",
		inverseBindPose = { 0.500000, 0.500000, 0.707107, -0.141421, -0.707107, 0.707107, -0.000000, -5.232590, -0.500000, -0.500000, 0.707107, -0.141421, -0.000000, 0.000000, -0.000000, 1.000000, },
	},
	["tentacle.back.left1"] = {
		parent = "root",
		inverseBindPose = { 0.706689, -0.706689, 0.034388, -0.006878, 0.707107, 0.707107, 0.000000, -0.000000, -0.024316, 0.024316, 0.999409, -0.199882, -0.000000, 0.000000, -0.000000, 1.000000, },
	},
	["tentacle.back.left2"] = {
		parent = "tentacle.back.left1",
		inverseBindPose = { 0.707107, -0.707107, 0.000000, -0.000000, 0.707107, 0.707107, 0.000000, -2.404163, 0.000000, -0.000000, 1.000000, -0.200000, -0.000000, 0.000000, -0.000000, 1.000000, },
	},
	["tentacle.back.left3"] = {
		parent = "tentacle.back.left2",
		inverseBindPose = { 0.707107, -0.707107, -0.000000, -0.000000, 0.707107, 0.707107, 0.000000, -3.818377, 0.000000, -0.000000, 1.000000, -0.200000, -0.000000, 0.000000, -0.000000, 1.000000, },
	},
	["tentacle.back.left4"] = {
		parent = "tentacle.back.left3",
		inverseBindPose = { 0.707107, -0.707107, -0.000000, -0.000000, 0.707107, 0.707107, 0.000000, -5.232590, 0.000000, -0.000000, 1.000000, -0.200000, -0.000000, 0.000000, -0.000000, 1.000000, },
	},
	["Cube"] = {
		parent = "Armature",
		inverseBindPose = { 1.000000, -0.000000, 0.000000, -0.000000, -0.000000, 1.000000, -0.000000, 0.000000, 0.000000, -0.000000, 1.000000, -0.000000, -0.000000, 0.000000, -0.000000, 1.000000, },
	},
}
