{
	["Armature"] = {
		inverseBindPose = { 1.000000, -0.000000, 0.000000, -0.000000, -0.000000, 0.000000, -1.000000, 0.000000, 0.000000, 1.000000, 0.000000, -0.000000, -0.000000, 0.000000, -0.000000, 1.000000, },
	},
	["root"] = {
		parent = "Armature",
		inverseBindPose = { 1.000000, -0.000000, 0.000000, -0.000000, -0.000000, 1.000000, -0.000000, 0.000000, 0.000000, -0.000000, 1.000000, -0.000000, -0.000000, 0.000000, -0.000000, 1.000000, },
	},
	["trunk"] = {
		parent = "root",
		inverseBindPose = { -0.000001, -0.000000, -1.000000, 0.000000, -0.121729, 0.992563, 0.000000, -0.992563, 0.992563, 0.121729, -0.000001, -0.121729, -0.000000, -0.000000, 0.000000, 1.000000, },
	},
	["branch1.a"] = {
		parent = "trunk",
		inverseBindPose = { -0.000000, -0.000000, -1.000000, 0.000000, -0.671279, 0.741204, 0.000000, -2.332686, 0.741204, 0.671279, -0.000000, -1.792865, -0.000000, -0.000000, 0.000000, 1.000000, },
	},
	["branch1.b"] = {
		parent = "branch1.a",
		inverseBindPose = { -0.000000, 0.000000, -1.000000, -0.000000, -0.949757, 0.312988, 0.000000, -3.410054, 0.312988, 0.949757, 0.000000, -3.998616, -0.000000, -0.000000, -0.000000, 1.000000, },
	},
	["tentacle1.a"] = {
		parent = "branch1.b",
		inverseBindPose = { 0.000008, 0.000000, -1.000000, 0.000029, -0.008333, -0.999965, -0.000000, 5.363610, -0.999965, 0.008333, -0.000008, -3.636375, -0.000000, 0.000000, 0.000000, 1.000000, },
	},
	["tentacle1.b"] = {
		parent = "tentacle1.a",
		inverseBindPose = { 0.000002, -0.000000, 1.000000, 0.000008, 0.029184, -0.999574, -0.000000, 3.309964, 0.999574, 0.029185, -0.000002, 3.514682, -0.000000, 0.000000, -0.000000, 1.000000, },
	},
	["Bone.006"] = {
		parent = "branch1.a",
		inverseBindPose = { -0.000000, 0.000000, 1.000000, -0.000001, 0.679408, 0.733760, 0.000000, -2.219637, -0.733760, 0.679408, -0.000000, -4.763465, -0.000000, -0.000000, -0.000000, 1.000000, },
	},
	["tentacle2.a"] = {
		parent = "Bone.006",
		inverseBindPose = { 0.000006, -0.000000, 1.000000, 0.000009, 0.010988, -0.999939, -0.000000, 5.373766, 0.999940, 0.010988, -0.000006, 1.472464, -0.000000, 0.000000, -0.000000, 1.000000, },
	},
	["tentacle2.b"] = {
		parent = "tentacle2.a",
		inverseBindPose = { 0.000004, 0.000000, 1.000000, 0.000006, 0.017696, -0.999843, -0.000000, 3.724420, 0.999843, 0.017696, -0.000004, 1.447511, -0.000000, 0.000000, -0.000000, 1.000000, },
	},
	["branch2.a"] = {
		parent = "trunk",
		inverseBindPose = { -0.000000, 0.000000, 1.000000, -0.000000, 0.491720, 0.870753, 0.000000, -2.436954, -0.870753, 0.491720, -0.000000, -1.648347, -0.000000, -0.000000, -0.000000, 1.000000, },
	},
	["branch2.b"] = {
		parent = "branch2.a",
		inverseBindPose = { -0.317834, -0.102221, 0.942620, 0.660979, 0.902543, 0.271999, 0.333817, -1.795051, -0.290515, 0.956853, 0.005808, -4.103398, -0.000000, 0.000000, -0.000000, 1.000000, },
	},
	["tentacle3.a"] = {
		parent = "branch2.b",
		inverseBindPose = { 0.000001, 0.000000, -1.000000, 0.492242, -0.082195, -0.996616, -0.000000, 5.028567, -0.996616, 0.082195, -0.000001, 1.560931, -0.000000, 0.000000, 0.000000, 1.000000, },
	},
	["tentacle3.b"] = {
		parent = "tentacle3.a",
		inverseBindPose = { 0.000007, 0.000000, -1.000000, 0.492231, -0.011235, -0.999937, -0.000000, 3.135109, -0.999937, 0.011235, -0.000007, 1.788016, -0.000000, 0.000000, 0.000000, 1.000000, },
	},
	["branch3.a"] = {
		parent = "trunk",
		inverseBindPose = { 0.082265, 0.234612, 0.968602, -0.668506, 0.388302, 0.887546, -0.247958, -2.510709, -0.917853, 0.396508, -0.018087, -1.380300, -0.000000, 0.000000, -0.000000, 1.000000, },
	},
	["tentacle5.a"] = {
		parent = "branch3.a",
		inverseBindPose = { 0.000000, -0.000000, -0.999999, -0.896428, -0.202338, -0.979316, 0.000000, 6.250268, -0.979315, 0.202338, 0.000002, -0.099933, -0.000000, -0.000000, -0.000000, 1.000000, },
	},
	["tentacle5.b"] = {
		parent = "tentacle5.a",
		inverseBindPose = { 0.000001, -0.000000, 0.999999, 0.896427, 0.070688, -0.997498, -0.000000, 3.875121, 0.997497, 0.070689, -0.000003, -0.987418, -0.000000, 0.000000, -0.000000, 1.000000, },
	},
	["branch3.b"] = {
		parent = "branch3.a",
		inverseBindPose = { 0.000000, 0.000000, 1.000000, 0.896428, 0.955983, 0.293421, -0.000000, -2.917398, -0.293420, 0.955983, 0.000000, -5.528529, -0.000000, 0.000000, -0.000000, 1.000000, },
	},
	["branch3.c"] = {
		parent = "branch3.b",
		inverseBindPose = { -0.000000, 0.000000, 1.000000, 0.896429, 0.747410, 0.664364, 0.000000, -6.703795, -0.664363, 0.747409, -0.000000, -3.013900, -0.000000, -0.000000, -0.000000, 1.000000, },
	},
	["tentacle4.a"] = {
		parent = "branch3.b",
		inverseBindPose = { 0.000003, -0.000000, -1.000000, -0.896437, -0.046462, -0.998920, -0.000000, 6.838895, -0.998920, 0.046461, -0.000003, 2.693314, -0.000000, 0.000000, 0.000000, 1.000000, },
	},
	["tentacle4.b"] = {
		parent = "tentacle4.a",
		inverseBindPose = { 0.000016, 0.000000, 1.000000, 0.896382, 0.007575, -0.999971, -0.000000, 4.332462, 0.999971, 0.007575, -0.000016, -2.931685, -0.000000, 0.000000, -0.000000, 1.000000, },
	},
	["branch4.a"] = {
		parent = "trunk",
		inverseBindPose = { -0.000000, -0.000000, 1.000000, -0.000000, 0.301131, 0.953583, 0.000000, -2.725021, -0.953582, 0.301131, -0.000000, -1.109076, -0.000000, -0.000000, -0.000000, 1.000000, },
	},
	["branch4.b"] = {
		parent = "branch4.a",
		inverseBindPose = { -0.000000, -0.000000, -1.000000, 0.000001, -0.684314, 0.729187, 0.000000, -3.544647, 0.729187, 0.684314, -0.000000, -4.051579, -0.000000, -0.000000, 0.000000, 1.000000, },
	},
}
