{
	["Armature"] = {
		inverseBindPose = { 1.000000, -0.000000, 0.000000, -0.000000, -0.000000, 1.000000, -0.000000, 0.000000, 0.000000, -0.000000, 1.000000, -0.000000, -0.000000, 0.000000, -0.000000, 1.000000, },
	},
	["root"] = {
		parent = "Armature",
		inverseBindPose = { 1.000000, -0.000000, 0.000000, -0.000000, -0.000000, 0.000000, 1.000000, 0.000000, 0.000000, -1.000000, 0.000000, -0.000000, -0.000000, 0.000000, -0.000000, 1.000000, },
	},
	["trunk"] = {
		parent = "root",
		inverseBindPose = { 0.999261, 0.000000, -0.038433, 0.038433, 0.038433, -0.000000, 0.999261, -0.999261, 0.000000, -1.000000, -0.000000, 0.000000, -0.000000, 0.000000, -0.000000, 1.000000, },
	},
	["leaves1"] = {
		parent = "trunk",
		inverseBindPose = { 0.999999, -0.001046, -0.000057, -0.094417, -0.000000, -0.054464, 0.998515, -3.454834, -0.001048, -0.998515, -0.054464, 0.188544, -0.000000, 0.000000, -0.000000, 1.000000, },
	},
	["leaves2"] = {
		parent = "leaves1",
		inverseBindPose = { 1.000000, -0.001047, -0.000052, -0.094439, -0.000000, -0.049938, 0.998752, -4.758521, -0.001048, -0.998752, -0.049938, 0.166975, -0.000000, 0.000000, -0.000000, 1.000000, },
	},
	["leaves3"] = {
		parent = "leaves2",
		inverseBindPose = { 1.000000, -0.001048, 0.000000, -0.094738, -0.000000, 0.000000, 1.000000, -5.707059, -0.001048, -0.999999, 0.000000, -0.118169, -0.000000, 0.000000, -0.000000, 1.000000, },
	},
	["Cube"] = {
		parent = "Armature",
		inverseBindPose = { 1.000000, -0.000000, 0.000000, -0.000000, -0.000000, 1.000000, -0.000000, 0.000000, 0.000000, -0.000000, 1.000000, -0.000000, -0.000000, 0.000000, -0.000000, 1.000000, },
	},
}
