{
	["Armature"] = {
		inverseBindPose = { 1.000000, -0.000000, -0.000000, -0.000000, 0.000000, 1.000000, -0.000000, 0.000000, 0.000000, 0.000000, 1.000000, -0.000000, -0.000000, 0.000000, -0.000000, 1.000000, },
	},
	["root"] = {
		parent = "Armature",
		inverseBindPose = { 1.000000, 0.000000, -0.000000, 0.000000, 0.000000, 1.000000, -0.000000, 0.031250, -0.000000, -0.000000, 1.000000, 0.000000, -0.000000, 0.000000, -0.000000, 1.000000, },
	},
	["fire.fr"] = {
		parent = "root",
		inverseBindPose = { -0.768221, 0.000000, 0.640184, -0.000000, 0.419591, 0.755263, 0.503509, -0.188816, -0.483508, 0.655422, -0.580209, -0.163855, -0.000000, -0.000000, -0.000000, 1.000000, },
	},
	["fire.fl"] = {
		parent = "root",
		inverseBindPose = { -0.707107, -0.000000, -0.707107, 0.000000, -0.485071, 0.727607, 0.485071, -0.181902, 0.514495, 0.685994, -0.514496, -0.171499, -0.000000, -0.000000, 0.000000, 1.000000, },
	},
	["fire.br"] = {
		parent = "root",
		inverseBindPose = { 0.514496, 0.000000, 0.857493, -0.000000, 0.466252, 0.839254, -0.279751, -0.209814, -0.719655, 0.543739, 0.431793, -0.135935, -0.000000, 0.000000, -0.000000, 1.000000, },
	},
	["fire.bl"] = {
		parent = "root",
		inverseBindPose = { 0.393919, 0.000000, -0.919145, -0.000000, -0.593732, 0.763370, -0.254457, -0.190843, 0.701648, 0.645961, 0.300706, -0.161490, -0.000000, 0.000000, -0.000000, 1.000000, },
	},
	["fire.m"] = {
		parent = "root",
		inverseBindPose = { 1.000000, 0.000000, -0.000000, 0.000000, 0.000000, 1.000000, 0.000000, -0.250000, -0.000000, -0.000000, 1.000000, 0.000000, -0.000000, 0.000000, -0.000000, 1.000000, },
	},
}
