{
	["Armature"] = {
		inverseBindPose = { 1.000000, -0.000000, 0.000000, -0.000000, -0.000000, 0.000000, -1.000000, 0.000000, 0.000000, 1.000000, 0.000000, -0.000000, -0.000000, 0.000000, -0.000000, 1.000000, },
	},
	["root"] = {
		parent = "Armature",
		inverseBindPose = { 1.000000, -0.000000, 0.000000, -0.000000, -0.000000, 1.000000, 0.000000, 0.000000, 0.000000, -0.000000, 1.000000, -0.000000, -0.000000, 0.000000, -0.000000, 1.000000, },
	},
	["trunk1"] = {
		parent = "root",
		inverseBindPose = { -0.000001, -0.000000, 1.000000, -0.000000, 0.222360, 0.974964, 0.000000, -1.893329, -0.974964, 0.222360, -0.000001, -0.431812, -0.000000, -0.000000, -0.000000, 1.000000, },
	},
	["trunk.2"] = {
		parent = "trunk1",
		inverseBindPose = { -0.000001, -0.000000, 1.000000, -0.000000, 0.213167, 0.977016, 0.000000, -3.673675, -0.977016, 0.213167, -0.000001, -0.397226, -0.000000, -0.000000, -0.000000, 1.000000, },
	},
	["leaf.4"] = {
		parent = "trunk.2",
		inverseBindPose = { -0.852918, -0.000000, -0.522045, 0.647907, -0.483721, -0.376076, 0.790305, 2.377618, -0.196329, 0.926589, 0.320762, -4.803582, 0.000000, 0.000000, -0.000000, 1.000000, },
	},
	["leaf.1"] = {
		parent = "trunk.2",
		inverseBindPose = { 0.413803, -0.000000, -0.910366, -0.314338, -0.820991, -0.432100, -0.373178, 2.933278, -0.393370, 0.901825, -0.178805, -4.521536, -0.000000, 0.000000, 0.000000, 1.000000, },
	},
	["leaf.2"] = {
		parent = "trunk.2",
		inverseBindPose = { 0.901666, 0.000000, 0.432432, -0.684938, 0.407614, -0.333897, -0.849920, 1.475079, 0.144388, 0.942609, -0.301064, -5.148032, -0.000000, 0.000000, -0.000000, 1.000000, },
	},
	["leaf.3"] = {
		parent = "trunk.2",
		inverseBindPose = { -0.687626, -0.000000, 0.726065, 0.522345, 0.656072, -0.428377, 0.621339, 1.791344, 0.311029, 0.903600, 0.294563, -5.066111, -0.000000, 0.000000, -0.000000, 1.000000, },
	},
}
